psu_hh_idcode,subjective_poverty_1,subjective_poverty_2,subjective_poverty_3,subjective_poverty_4,subjective_poverty_5,subjective_poverty_6,subjective_poverty_7,subjective_poverty_8,subjective_poverty_9,subjective_poverty_10
1_7_1,0.004744455129059387,0.011436831206210555,0.1723282572942625,0.5430244438564847,0.03785129833201745,0.2197828361460518,0.005088153885553774,0.005742637849427638,9.629470556016202e-07,1.2335387658100524e-07
1_8_1,0.0018800159603459177,0.017657479183066437,0.24436893362802822,0.2798049477745612,0.2659517714934598,0.16693969117830526,0.010607975465228075,0.012786112898688595,2.9488134610786954e-06,1.2360485522111181e-07
1_10_1,8.439218186123487e-05,0.02096203125629394,0.11726396666322793,0.23920088899565803,0.11681949544207497,0.4886260987629896,0.009643806178992327,0.0073327793489093,2.459244103698251e-06,6.408192588887868e-05
2_3_1,0.0003813934488122963,0.06822245109592488,0.06425246978934067,0.3151939735565081,0.4542453765939753,0.04353047136439183,0.04063681582478992,0.013534898371054108,2.0204816866825834e-06,1.294735161812594e-07
3_1_1,0.00040825322327197916,0.2864437528986995,0.3193416853184668,0.17241298926350976,0.14311779504132033,0.06331689522376664,0.007468042690741948,0.007479233869461071,1.1271504733593919e-05,8.096602836063174e-08
5_4_1,7.618489699733826e-05,0.0018641453788453386,0.0060854526403711735,0.05465802608778706,0.6887924543716722,0.08360581469595478,0.006301750812258587,0.15861549723025276,6.121087676126542e-07,6.177709334557485e-08
7_8_2,1.0101326977088257e-05,0.006890306822471923,0.0198047441516272,0.04137746409115044,0.28881503687303806,0.5630994897265046,0.014105600802194551,0.06589356203233579,3.6486143566804682e-06,4.5559343673999076e-08
7_9_2,0.0001302211598277516,0.09125193030453514,0.34801056716616646,0.30750396717636796,0.2099623734266108,0.01252124915766841,0.029939940949268867,0.0006774625355361184,2.2334865070721157e-06,5.4637511399434145e-08
9_1_1,0.0010815017050203393,0.003963153639410102,0.3300901095554003,0.5591112479305218,0.06741338428519462,0.018690404458490177,0.007752764372807335,0.011896632601316813,6.259525050840496e-07,1.7549933365098494e-07
9_3_1,0.0005229291501389566,0.03634029267197618,0.12463283845901676,0.584457636309749,0.18009579975701925,0.05114192725174391,0.022175643021141507,0.0006309567036806086,1.8692091936662336e-06,1.0746633994536117e-07
10_6_2,3.7913926138838296e-05,0.12205344197005184,0.47624709357703743,0.10767337316472193,0.25944004943238796,0.02229797545559831,0.011362823686688788,0.0008862647414938395,9.886752979886696e-07,7.537058299852058e-08
12_7_1,0.0004313920259036437,0.009245616944675862,0.18329926207130814,0.7293693712018195,0.060475267301307395,0.004554573184248024,0.009870879222040871,0.002751157339771855,2.3872632329241282e-06,9.344569192232749e-08
13_3_2,0.00016662347816793094,0.007335612157927703,0.033291730501875914,0.18529924037503076,0.1148348945583793,0.2281557764603123,0.4067746131457108,0.024135309698912435,6.070928917364192e-06,1.286947656222501e-07
15_4_1,0.0012516797713649044,0.022514245690249655,0.6753130733604575,0.07500878706872681,0.08615102673474492,0.08137638410013186,0.013739328084159988,0.04464249318769941,2.8252513092265302e-06,1.5675115564720364e-07
15_8_1,0.00030429747934674104,0.018071002804990906,0.09363527793105807,0.15489652683470975,0.3288411046515493,0.2885146255738533,0.0668154494384073,0.048919575385315474,2.0501645423830607e-06,8.973622672257729e-08
15_9_2,0.0002782291497752279,0.1613198806366195,0.1516267848003797,0.31631067183559497,0.19281578419835516,0.15147008122308392,0.02388947428593753,0.0022859987421219633,2.9974022641105196e-06,9.77258679917143e-08
15_11_2,0.0004481322844638782,0.05943929669561852,0.6771256947174006,0.20419572518229953,0.03567173253690119,0.009378422948465711,0.013680388390102301,5.373193669135956e-05,6.755554959430452e-06,1.1975309737692096e-07
16_7_1,0.0014411139629586236,0.016663194352508758,0.09004894523951121,0.2972516214170319,0.23267848002259134,0.2786065787155648,0.061745059144239986,0.021550938576952543,1.6725904340997192e-06,1.2395978206646594e-05
16_8_1,0.0002434210353657749,0.07004057581165268,0.3565475096074714,0.21323132801998498,0.293524071975927,0.04209414751244515,0.018518009737803542,0.005799580715366829,1.2769782229414763e-06,7.860575971539546e-08
16_9_1,0.00039970179892313205,0.0036768558448374436,0.4092864498523517,0.3908021507335352,0.05876390862052504,0.10646119378989041,0.004457497685321059,0.026151371887055654,5.271155983975918e-07,3.426719619845284e-07
17_3_1,0.0034586852599256235,0.013115026756157526,0.23374090495879823,0.47416234897166376,0.09238480066925138,0.15216587524950506,0.01539174594321172,0.015578543683340893,1.5233840090199449e-06,5.451241368111538e-07
17_6_1,8.954369952851922e-05,0.11453780009478656,0.5953298043355845,0.09932329359838918,0.06477538316528542,0.12192027973044824,0.0035885074326018635,0.0004336433078491736,1.63647205626238e-06,1.0816347039211838e-07
18_2_1,0.008125161287158223,0.1328744798530022,0.16987186962843864,0.32492452512682574,0.11895468023812848,0.2306789952270399,0.013990845530070907,0.0005761155549674128,3.221722933567882e-06,1.0583143492416459e-07
18_8_1,3.395148998688908e-05,0.4361826441909055,0.27948957155626736,0.14244316734417012,0.06694127475825372,0.029833073553379743,0.04486981206102174,0.00020578128129412253,6.435095201845814e-07,8.025520057280977e-08
19_3_1,0.0016583372979753165,0.20902206647482643,0.47135730658450414,0.05094514327500158,0.20862661086035483,0.024490722110885915,0.00484428280499598,0.029050988044490557,4.432594221711542e-06,1.0995274368036132e-07
20_3_1,0.0012497923024864588,0.03069378381742077,0.5704722518607119,0.10915626935962558,0.14353308583719707,0.12450819348719926,0.01936558986842014,0.001019660064168339,1.2777233538640153e-06,9.567941665057823e-08
21_1_2,0.0010413363728465981,0.08759938237817787,0.44126148802653015,0.1835966318039773,0.15353987128435972,0.030205499185310205,0.09909150254073132,0.0036612885635311076,2.900804110798156e-06,9.904042484195273e-08
21_2_1,0.0022199332580155,0.1139609912897477,0.18753285912755138,0.46731196316678386,0.133976616283499,0.06852531866947054,0.02191787758176135,0.0045534188833834775,8.772517007499639e-07,1.4448808643953517e-07
21_5_1,5.2677649596069424e-05,0.005753690883071994,0.019314835618763907,0.09896655360426368,0.3399872065489527,0.5020448907582447,0.025332989232265846,0.008545185125193547,1.8704744985899656e-06,1.0010514910001833e-07
24_6_1,0.28449758451660334,0.07678955185023689,0.1134505590573027,0.14193192561943127,0.15707071026999686,0.10979603743618736,0.1145517468156671,0.0019089928086119155,2.825325331716372e-06,6.630063087521319e-08
24_7_1,0.06531565642203904,0.015862370963062734,0.19113122202715604,0.6190895787989654,0.07608555483195213,0.02035931092794863,0.004786932190254692,0.007368422373840392,6.098287930307969e-07,3.416359880651659e-07
25_7_5,0.007053995972808597,0.015747660402777804,0.0779168899161548,0.7135963345609808,0.08688972567249427,0.008247431034696402,0.09007245423921967,0.00047237040942721105,3.0355154738281523e-06,1.0227596648954598e-07
26_1_2,0.02692324253932562,0.1332769440249664,0.2331963662389406,0.396294093328836,0.1699026145726659,0.020146413167495367,0.02004965459047305,0.00015935893516073145,5.115004978110091e-05,1.625523552652285e-07
26_2_1,0.08898331344290283,0.17722787814378316,0.12033305996266153,0.34091818754403835,0.1926894503359991,0.06854670249037947,0.008244430526690537,0.0030551915375170635,1.7054040019373218e-06,8.0612026132314e-08
26_3_2,0.009024813204203872,0.055564421055891725,0.4000663788869981,0.22770188097809244,0.21653718536451647,0.014369071943439789,0.06582121874919117,0.010911845194268369,3.0973228642581307e-06,8.730053382053297e-08
26_7_1,0.024005693615735207,0.168704655381742,0.1987343264196482,0.19793131893841553,0.25691241951336236,0.12413134744813488,0.028782081438221686,0.0007960411171867689,1.9987667388300403e-06,1.1736081460456942e-07
28_8_1,0.0026976573289116553,0.014540921691937455,0.5573360264815522,0.26094070643666745,0.08488751435640583,0.07468151357177248,0.0031733065952567253,0.0017412785352950867,9.636695947022865e-07,1.1133260639443236e-07
29_1_1,0.004863407558784063,0.2418620579281564,0.2787222096090414,0.22729976829441892,0.21546012471058873,0.021999214155845027,0.004393953195864977,0.005396926238603718,1.4949071327577768e-06,8.434015639404377e-07
29_2_1,0.00157977521599691,0.5615913915904425,0.24209000558130003,0.06035312673993668,0.10320887093280562,0.02587219780745133,0.0025194637793883963,0.0027841231849603494,8.877247137291109e-07,1.5744300459917737e-07
30_1_1,0.0045604230060165745,0.11640350909562035,0.1961908255282584,0.16289877060869878,0.4478923483050817,0.0605450566233143,0.010115197596698303,0.00139330019212182,4.791125109220923e-07,8.993167903628615e-08
30_4_1,0.0010203497555617894,0.091356756369003,0.29093178720613705,0.38564213050745816,0.1848330998132875,0.03365885653998902,0.011651028852009313,0.0009050505504661434,8.00544168299613e-07,1.398619195593457e-07
31_2_1,0.00824386384772285,0.02322174716916319,0.42183421060959203,0.15940577356932242,0.3423150702604917,0.038131624719879686,0.0066069759092442434,0.00023994806979705401,6.327363475399318e-07,1.5310843902874616e-07
31_3_1,0.009940989898579245,0.03279258135822025,0.10695223299949887,0.5216428134773622,0.2815669540372166,0.025243578332516118,0.02030865466486847,0.0015508500412138315,1.2113349405269266e-06,1.3385558380935647e-07
32_3_1,0.002282822594993353,0.007130171448533173,0.05835358575508802,0.13465581465994803,0.769214359888289,0.024959138978775847,0.002807598434052981,0.0005944270482892795,2.000720666012153e-06,8.047136440209167e-08
32_7_1,0.0010054684202801323,0.17039210219046108,0.33583606889269607,0.17270379646105802,0.2885700306609046,0.023468984472052506,0.003154252291205389,0.004868350324500148,8.299710545845166e-07,1.163157875413073e-07
32_9_1,0.005067201602977343,0.04017330781621292,0.2352548561049613,0.16471851397953402,0.4144504567050869,0.12281047945805793,0.01660826302200064,0.0009159403762557247,8.291400539469287e-07,1.5179485933518286e-07
33_5_1,0.0012153579839489252,0.035243383888520635,0.5358780448972065,0.11621148601457758,0.21279271016657558,0.07207844676415424,0.0229069930452714,0.003673093614312161,3.597343591752828e-07,1.2389107385640604e-07
33_8_1,0.0050365631610041015,0.1934353014857773,0.23231638276283093,0.11354604219898129,0.44297454634494865,0.00972638338455579,0.0025377656230557736,0.00042640274706866484,5.709591145256157e-07,4.133266306292815e-08
36_1_1,0.010535687089123898,0.21837402600382855,0.0749223545469755,0.1523859852939315,0.31924967934117826,0.1961668020215665,0.028006108361938023,0.00035793967439525675,1.31399206753784e-06,1.0367499509567256e-07
36_6_1,0.0035343934618959445,0.2526859446290327,0.11320255156452311,0.0984368369160877,0.4662541341279886,0.05862789006362798,0.006871692088655248,0.00038365851460582973,2.792676326383235e-06,1.0595725639128963e-07
38_7_1,0.010959307389848948,0.06484244746210692,0.09738869311718791,0.42112926170771064,0.10998654786772834,0.2844743555560652,0.009639514786666567,0.0015758923571417432,3.876007515259822e-06,1.0374802834133133e-07
38_8_1,0.00211833068902475,0.14742255627673345,0.1519448214459735,0.27122432300161653,0.3616686179943167,0.056118749841790334,0.00840561889977805,0.0010951940368060468,1.5337143140670207e-06,2.540996466544817e-07
41_2_1,0.002599151208952754,0.006256421859052101,0.7310506622719388,0.08356930163133795,0.027856635077661257,0.1422596681286658,0.004984031344169793,0.0014214993531192937,2.1506927330727663e-06,4.784323689567142e-07
41_9_1,0.0014296536702372747,0.04329240681226417,0.19079368339880629,0.34555526325816444,0.23499190657226515,0.1581645837313657,0.023681363905108627,0.002074870568935092,1.6085783567207994e-05,1.8229928602344176e-07
42_9_1,0.004023964941401863,0.21528280978043202,0.3089272300860385,0.2852741442074635,0.08714486719037981,0.09601855470092988,0.0018835889999520062,0.0014429266941031029,9.909160291740332e-07,9.224832703784395e-07
43_2_1,0.009561837076673152,0.012464225389118712,0.3484958732371576,0.543617734595174,0.05287242262075763,0.020146555622332373,0.010399004579214919,0.0024313203307355018,1.094765006058966e-05,7.88987755812228e-08
43_6_1,0.003484054275907754,0.05002358302479717,0.14490745283212147,0.5171741465550881,0.13636301904934509,0.1212679396855451,0.02019607755059525,0.006582525578975452,9.638313999801845e-07,2.3761622481712437e-07
44_3_1,0.0003901933837918491,0.014523460557798702,0.0391325861728763,0.3267187894809074,0.22952950755625626,0.2610160055416887,0.09471744683330563,0.03396843128035656,3.4319731886451143e-06,1.4721982981950864e-07
45_8_1,0.005818302190957135,0.08117354095921539,0.21029013363512264,0.4454674066133294,0.16965547511034995,0.08234087709449804,0.004602986622038214,0.0006486337444081761,2.566654227686027e-06,7.737585336321413e-08
46_3_1,0.0012927996320492331,0.03638747598339841,0.2916892170486772,0.43801931409830064,0.18205980706427644,0.04414476163413895,0.004028274818022468,0.0023765235989173287,1.14511656934177e-06,6.810056503378926e-07
46_7_1,0.025254059487792135,0.11659860757106517,0.24529513880114512,0.3710142697478433,0.15236058205540448,0.07778691830832654,0.00976484954299317,0.0019248852432388293,5.130087779661961e-07,1.762334133410415e-07
47_10_1,0.003679532261752552,0.094763560729869,0.4735171048072775,0.09792438277721584,0.09076659778644486,0.22832905821987573,0.010181665976913947,0.0007649365334908775,7.307152202412417e-05,8.938513564051577e-08
48_4_1,0.0015420737519273725,0.24666391247892192,0.5173142660664427,0.06903278260144298,0.0799211916726171,0.07622859346569638,0.00786867601118638,0.0014275255111192244,9.160438847011307e-07,6.239676148744976e-08
49_1_1,0.003667904650550982,0.08470189214870683,0.5223517647364857,0.10957074987146387,0.24278933719920598,0.0304341468541521,0.004558788848751592,0.0019238477959007774,1.1141447572806147e-06,4.537500249533934e-07
49_2_1,0.0013331897516713923,0.04811015979217725,0.07664830257815756,0.6226354396979408,0.10093572898428152,0.11211587784225892,0.020556127517044744,0.01766328516182839,1.7926271621223222e-06,9.604747726471823e-08
49_5_1,0.0007058523595746865,0.007404825876402016,0.5615061362384156,0.22541817080934484,0.0727083896606401,0.11889962295704076,0.008141977857717652,0.005209851132818921,4.601006512434663e-06,5.721015331108911e-07
49_10_1,0.0050303138104417795,0.0423492185103431,0.18192724410469555,0.48206606101354943,0.08844079155428032,0.185555664176226,0.011270897834265632,0.003357272035418065,2.4370803464673695e-06,9.98804339298783e-08
50_5_1,0.0063873721498154115,0.017818849736362205,0.2780872682503046,0.25018061632991834,0.2793355421908402,0.04740357909123085,0.01282419264184996,0.10796132164852781,9.072311697570262e-07,3.5072998080439336e-07
51_5_1,0.002654383687223139,0.008872520026331234,0.11325015687547695,0.31329577962972643,0.24948847680337946,0.06295077859308862,0.2020645099063118,0.04742213779821288,1.1357167652915154e-06,1.2096348420572371e-07
52_5_1,0.0008891764214506601,0.04588148815675014,0.2425093554347143,0.3509628101285165,0.2087802716635326,0.1250627256898927,0.02527029723089519,0.000640493520655121,3.2806277543806114e-06,1.0112583832689935e-07
53_2_1,0.0036814014883872954,0.03640526038615601,0.22630540620171127,0.22313425627103747,0.34021115971215726,0.16256750215512172,0.007182492123061509,0.0005097398826809589,2.4103717825260805e-06,3.7140790390914813e-07
53_4_1,0.014100886493218346,0.03404774265991504,0.15842635705275854,0.18771114764243765,0.41763752084217926,0.14985115821774575,0.036043102617103376,0.002179212581105967,2.239269869442945e-06,6.326236662636164e-07
57_9_1,0.006614985540540539,0.11541055508757354,0.3242763589843918,0.1279592903230405,0.3180996599690819,0.06308876235906234,0.04329044435993574,0.0012588870595192322,9.5641492831242e-07,9.990192594780453e-08
59_3_1,0.0011264995658373028,0.025797429205268993,0.49145327488275475,0.1743818393214203,0.07755591121478961,0.11490121154228027,0.1133975946970712,0.0013856995117036291,4.3910314168709324e-07,1.0095573224187745e-07
59_4_1,0.0008391956496257557,0.09364670090792133,0.22435207355330897,0.09800830606387446,0.07857190002990394,0.44598808129902934,0.05676277788642897,0.0018291764900834377,1.6932275432664514e-06,9.489228051220819e-08
59_7_1,0.0036173484720066263,0.04644753693028317,0.04906056063442599,0.18966927342066112,0.35428974437465965,0.11013399120373554,0.23447027600666742,0.01230989613647849,1.2804429203426412e-06,9.237816153656036e-08
60_3_1,0.002229751969984478,0.022338290536344816,0.09299525897172224,0.24751153358468314,0.27820172064640925,0.32892070431425996,0.01979003910974498,0.008010960828739984,1.666952541086535e-06,7.308557013623626e-08
60_6_1,0.0014930346422300414,0.045525860030126764,0.29003992975163584,0.040280817973662314,0.07920010701358517,0.31008533045125247,0.214121915788208,0.019251429828103593,1.5180012775493167e-06,5.651991835821904e-08
62_1_1,0.00015799477164276496,0.013305897108775526,0.05175258007880758,0.18203426102245174,0.3786489835741876,0.13192416809978896,0.23791182888348322,0.004260431165637509,3.7628912886935647e-06,9.240393640909406e-08
62_5_2,0.005397052671045444,0.006606062487124993,0.3724579223815338,0.4886016150789321,0.059252734165464054,0.046796874541598844,0.020639562388096798,0.00023975070457170678,8.22984695526816e-06,1.9573467722808918e-07
63_4_2,0.0012680902135790279,0.057123782291961474,0.17193076601608326,0.2100847913182046,0.17668706058253716,0.15841301411763328,0.22345385929552916,0.0010375433457885496,9.879361091137427e-07,1.048825744295077e-07
63_7_1,0.0014547633842183735,0.017478766735039994,0.1375045598120897,0.1850723189915162,0.14246877624548465,0.1733813795951087,0.3419667319265122,0.0006718594532506199,7.676006648392163e-07,7.625611459474982e-08
64_1_1,0.00026761392913353605,0.029347386195858603,0.11178764900645799,0.1500233589750927,0.11929640329185834,0.10571365897984676,0.48141957648437983,0.0020965984910820638,1.7083839255248883e-05,3.0670807035005693e-05
64_8_1,0.0009769820541527961,0.03821081767585472,0.07325460110048831,0.15341681016671047,0.48420948826675936,0.17754469056236027,0.07135781687930308,0.0010279981608464768,5.470804014341303e-07,2.4805312314005065e-07
65_1_1,0.002327584314550554,0.0458861909891895,0.12008930143475621,0.0930827807932411,0.3478803397227047,0.3818586668471822,0.008420778489655322,0.000453066642986963,1.1940542169296835e-06,9.671151667808679e-08
65_2_5,0.004293615694190831,0.05743526250555285,0.16676175184786018,0.2720443287014692,0.03499006736038215,0.413512824582098,0.05026497127339943,0.0006842017582524223,1.277682783856905e-05,1.9944895644007772e-07
66_4_1,0.0009432136456056908,0.03661327466287592,0.18971794017620694,0.1945697841546461,0.1278646338257302,0.14543059256475172,0.3037347178368868,0.0011248742144004949,8.128443090389242e-07,1.560745869753909e-07
66_6_1,0.012327297678149838,0.021072552292241174,0.09058374533769702,0.5500529104733703,0.2316540531695405,0.013624563523629288,0.08007893366425782,0.0006042419095595398,1.5888694019085299e-06,1.1308215251399664e-07
66_7_1,0.005073183517372028,0.06347577850379858,0.030362640765662204,0.6061173681688882,0.08579329336918688,0.1682165956510439,0.040457093361166936,0.0005032195266076359,7.495415354856968e-07,7.75947382718323e-08
68_1_1,0.0019005339918704719,0.2100236108610946,0.060061031866886265,0.45634029637575546,0.19201426911210903,0.06115198391184569,0.014854725492638172,0.003651643564596173,1.7283015960584564e-06,1.7652160797562811e-07
68_3_1,0.0029731708073611096,0.23148440805598233,0.09652665172212808,0.23532643150315377,0.33514190967651797,0.05935158100350189,0.038520723760487055,0.0006731308908695596,1.9234221517925654e-06,6.915784647835087e-08
68_5_1,0.00366915717372951,0.15651900327853183,0.23062626726074098,0.33507596149566055,0.09992960371490384,0.07606141931916009,0.09634047220692682,0.0017773398055579604,6.85397480808269e-07,9.034730774246776e-08
70_8_1,0.0012864262563372355,0.005955678831487022,0.028432380127182483,0.20449839474493364,0.43484804693618645,0.2144639738408774,0.11007967091689591,0.0004344562011691634,9.05369936988728e-07,6.677499379515921e-08
71_3_1,0.005025868902440539,0.11118668883338935,0.1392975887275477,0.22050660147777854,0.3953994595965082,0.09069007494456155,0.03623552435320686,0.0016570315256174482,1.0270874615574356e-06,1.3455148836862251e-07
71_4_1,0.016322523967729125,0.35935571118838366,0.18807081846495324,0.3128049115504911,0.05360373992183848,0.06033918993453804,0.00907528268700534,0.0004267251526396344,1.0110630150602742e-06,8.606940635081326e-08
72_2_1,0.0019908111015359115,0.31942077855064716,0.11081421378306403,0.33857956154889246,0.1480719838668256,0.06933337141670169,0.011038831615611555,0.0007471565935493388,3.2107429812657028e-06,8.07801907985088e-08
72_7_1,0.0023669612026328067,0.011054561304780044,0.5451841025626388,0.2838926233888767,0.03600076732504301,0.07594839588671401,0.04461150835774558,0.0009395004450799883,1.3171371695991643e-06,2.623893195669026e-07
73_5_1,0.0003476323707508453,0.013819319206007458,0.37800053384035587,0.23011052403222523,0.061739877819267014,0.08468481102639293,0.23050095701345918,0.000795357055749601,9.283742514477329e-07,5.92615405215188e-08
75_4_1,0.00023722060701854292,0.00863254713410899,0.8209140318781633,0.13727102274027592,0.013879678622232649,0.01459299823021963,0.004371900665028682,0.0001000456357797268,5.144084628756702e-07,4.007870987043037e-08
76_1_1,0.0018737804648900356,0.04263910391430678,0.2878697132260974,0.4551672600924587,0.08681657440812812,0.11087482552655317,0.01400796056425456,0.0007480463771435789,2.6483408632327505e-06,8.708530440278496e-08
76_4_1,0.008475447871780626,0.07208007307822295,0.3177475953122252,0.4878407135972223,0.06783802165186646,0.016299813358803115,0.02906388682749312,0.0006512556695046822,3.1075813400468136e-06,8.505154143013704e-08
76_7_1,0.0006178000979634952,0.02340736234088612,0.6359037376641775,0.18908461902400076,0.04549058120048848,0.08835022563627361,0.01588800068896466,0.0012566625383704142,9.219169730451836e-07,8.889190192221944e-08
77_1_1,0.0025617630352669342,0.02119600100923286,0.7157216870663996,0.05052166190501062,0.10750870723926798,0.09431289561112123,0.007111443924123462,0.0010643238877145332,1.43470863742755e-06,8.161322547713411e-08
78_1_1,0.004496408779575882,0.02514472920761328,0.4001938623771931,0.3541938947652475,0.13142696473787552,0.06899557331317256,0.013340205749087354,0.002203171845535609,4.9916154068342995e-06,1.976092925074899e-07
78_8_1,0.0008171285187297895,0.00463506980374676,0.08662499521715342,0.1898233957007787,0.5939924768696359,0.09933688074305566,0.02447466561183521,0.00028988620746271107,5.337344342974527e-06,1.6398325899875463e-07
80_4_1,0.004221832092316787,0.044917015279907595,0.21159977507494257,0.47341663696676656,0.17513377477416986,0.08643998442966722,0.0035718887064496206,0.0006984591681122344,5.727235344288982e-07,6.078413284264078e-08
80_7_1,0.002171987733168139,0.06357674205830138,0.13503532986852382,0.39325825849405205,0.3635077071958696,0.031311797295660804,0.006032781340674465,0.005100556332553253,4.779779882556346e-06,5.990131395060407e-08
81_6_1,0.0009173812343716806,0.24375134532430118,0.1652676931890251,0.19041854568637287,0.34014799620846775,0.0469786707951042,0.007178490567639774,0.0053385264620862995,1.0058497462985444e-06,3.4468288498567384e-07
81_7_1,0.0010642575412446553,0.02342472079958473,0.08427876997165089,0.5524828800206933,0.16250007397832156,0.14850553829927943,0.026142754454195973,0.0016003277841954648,6.23229095829237e-07,5.39217381198417e-08
83_4_1,0.0004732305374705006,0.04595188793841022,0.09750013019499017,0.3668884750548459,0.41698306738515895,0.06764818240760063,0.0036626909324765635,0.0008887023687883364,3.5284988297055116e-06,1.0468142906830682e-07
83_8_1,0.0010035477244406013,0.04560080011417045,0.10121695145224259,0.4561875405402249,0.16052743569172676,0.21615384049435737,0.018594960521800468,0.0007117928316431591,3.0484549602134445e-06,8.217443373871872e-08
84_3_1,0.00045331152110344167,0.01438137900687722,0.10505166425997997,0.44423219868651637,0.29005871553114654,0.1117527986754536,0.011059149526826878,0.02300905976777462,1.4736481367229503e-06,2.4937618475816363e-07
84_4_1,0.002407495048147256,0.014008506445481224,0.16189137506113035,0.5642457007657762,0.14009701502923172,0.11327868662397106,0.003588557408736642,0.00048147831532150174,1.0787424385062432e-06,1.0655976559397957e-07
84_8_1,0.0002631731458389187,0.238140961012787,0.16283306299524744,0.3093295452968228,0.2498584583507312,0.028377815875762498,0.011019177564626304,0.00017710420229272893,6.010151729719653e-07,1.0054071816740027e-07
85_2_1,0.004999289163758222,0.012519741176730785,0.19209684103215052,0.27364931322907493,0.34461819482438466,0.15406053612493348,0.016325737064090465,0.0017295070768135069,7.565919476341045e-07,8.371611573533457e-08
85_4_1,0.00578638483737223,0.03078040239886832,0.15476532843330829,0.5156287343619543,0.2426243387278755,0.036740515142063376,0.007869794204882001,0.005802700900672879,1.6513342952417576e-06,1.4965870770497144e-07
87_1_1,0.0009877433198528468,0.05262458260156881,0.18797678725414968,0.36043796141770407,0.1886152225867137,0.18944002448862107,0.01905623515069599,0.000860534347517768,8.087025060382566e-07,1.0013067000805312e-07
88_3_1,0.020449443716020317,0.0656070610572573,0.16445116250350156,0.4128443710335399,0.2709733826439742,0.04121947663398632,0.02358230375545093,0.0008708322220276368,1.8892535377108078e-06,7.718070443935115e-08
88_4_1,0.0023691157888808176,0.043945261841859,0.10539450692808644,0.17628586819177236,0.5681900168967612,0.09196658342483204,0.011329622242313488,0.0005180302212004736,9.446063384976758e-07,4.985795580102705e-08
89_6_1,0.0012416259263774289,0.8206531641628212,0.04815262352480215,0.057545236539652315,0.06333223950440942,0.0052837614378222104,0.0036666842404597002,0.00012433452321455413,2.2455634854151315e-07,1.0558409257353963e-07
90_2_1,0.013551597564521898,0.07655630471116552,0.25093880868707175,0.27883802865418217,0.2514070915072769,0.12248449451765026,0.005680109002527789,0.0005417823456675155,1.7161008818172914e-06,6.690905442940595e-08
90_5_1,0.005849116482355661,0.18959491615010568,0.47588752073835655,0.15544451405678356,0.09455009145079037,0.07164997406184873,0.006873312795789716,0.00014431874524439823,6.152401565667009e-06,8.311715992956765e-08
90_6_1,0.0023365694840355067,0.15651607683841728,0.08181962263546738,0.6019558958621979,0.10458994071409936,0.04918575159635859,0.0034227715690411955,0.00017266714090773743,6.370476045384462e-07,6.711187052359652e-08
91_3_1,0.003924069099125353,0.03757354371882923,0.1001850809716608,0.22063834686392716,0.448395645904132,0.17010267741682392,0.018700013057200978,0.0004795266656403756,1.0092085439653334e-06,8.709411610058373e-08
91_4_1,0.0052293865548136845,0.028065617000887593,0.19489463947932187,0.33640426339344953,0.15963269252911605,0.2348706300517238,0.03838273942206493,0.00251806984846247,1.8440249984466795e-06,1.17695161404244e-07
92_1_1,0.007134737128261487,0.029855946607860714,0.17740494601341167,0.6495837096573769,0.12201004734868408,0.011619920436056124,0.0016822291831659546,0.0007077126118082011,6.876836038382474e-07,6.332977100014054e-08
92_5_1,0.004351570535407997,0.19129014116118204,0.2176042381218999,0.2923277450430764,0.17194093591886528,0.10392066546077346,0.017656628330280755,0.0009072961907883023,6.871040303342339e-07,9.213369576104689e-08
93_6_1,0.00330958077506418,0.0930449688433996,0.3780930054596694,0.45660900418447714,0.029982802232878872,0.03629559910236326,0.0024187847189793684,0.00024152054395281208,4.64420372595814e-06,8.993548935418936e-08
95_2_1,0.002634771000960008,0.20054773193372724,0.11834998509198684,0.2315289976892162,0.3682318363621454,0.06329895620726257,0.00954835749584205,0.005856501583240346,2.7067315571878786e-06,1.5590406209238126e-07
96_1_1,0.005166762974278313,0.3558664200304161,0.19405449645070372,0.2703992621128027,0.11796095549944118,0.05420972522869439,0.0022074080687069834,0.00012984243863338113,4.917767526509924e-06,2.094287968149857e-07
96_10_1,0.0012512563041308866,0.035225690807709036,0.1909392315015318,0.41298391517363847,0.2308302931886835,0.11973359915331155,0.008561530597130098,0.00047356194805605966,6.389179848318626e-07,2.8240782370320256e-07
97_1_1,0.00024657023165616495,0.005865936369409068,0.03745068033238626,0.13841423331224978,0.47398885199415924,0.22035148088600529,0.10654268913480949,0.017138544936921983,8.939026463099741e-07,1.1889975626456496e-07
97_2_1,0.00021111790771820735,0.03504182679965555,0.042005096404382394,0.34685988462364553,0.17241395290527423,0.12227336731657372,0.16883261396323626,0.11235880396842549,3.24281988901871e-06,9.329119975450399e-08
97_3_1,0.023836674064263867,0.1748524825596654,0.24891160751825694,0.42291747206456315,0.07568520238447465,0.0494944062799074,0.00383297817689097,0.0004674879512146158,1.2648778184008469e-06,4.2412294481206685e-07
97_7_1,0.027181700681730127,0.12352832990420812,0.18536402902600002,0.16200238322805224,0.4283349717935213,0.054866181538171487,0.018037265083833277,0.0006817126285824967,3.319476493548306e-06,1.0663940723188408e-07
97_8_1,0.0004906229176097022,0.6750935312549234,0.029250729846652026,0.11274594993600263,0.16321496448410636,0.016765971672156578,0.002015146126471564,0.0004223625233246692,6.430614421824316e-07,7.817731083317272e-08
99_1_1,0.007647977571041953,0.06840507600796127,0.20555039284200152,0.2746918405516861,0.399538340812801,0.03677560340966073,0.005464388730238798,0.0019254013567754165,9.167681223307953e-07,6.194971088452655e-08
100_2_1,0.009947431015356046,0.04579711410022545,0.4319739424076768,0.13894517835469028,0.2763092254917234,0.08358264615549212,0.010978195583805429,0.002462662323973965,3.426450750536091e-06,1.7811630587406513e-07
100_7_1,0.0033295540319764542,0.058137252307014754,0.13716867826075244,0.23342071167015035,0.5322696558134075,0.02628686503045043,0.007070795315932936,0.0023154149223845507,1.0034804205668411e-06,6.916751010737336e-08
101_5_1,0.025355768441787045,0.09067485763059624,0.21820068395973957,0.3154240928059967,0.3073994413895893,0.03710373156584676,0.004824012388685107,0.0010145926599037921,2.7332647805793166e-06,8.589307496794276e-08
102_7_1,0.002395899055125059,0.006212444054751028,0.41100354962858504,0.40614854441031595,0.12371077478245653,0.03332399081887812,0.01609545092557943,0.0011081715021259654,9.95617241060462e-07,1.7920494186847878e-07
102_8_1,0.014003667071419063,0.06536143793909746,0.7446600729690497,0.04516007721988032,0.10669269935913053,0.005919184385238677,0.01723703127743506,0.000964060319698492,1.6231461146003437e-06,1.463129360794395e-07
103_7_1,0.0006981490156543388,0.0029471444028553897,0.17329763734522163,0.11757135732790165,0.14302158415105695,0.5531381691460876,0.008843843537317899,0.00037623695963104776,0.00010574718633753529,1.3092793603160658e-07
103_8_1,0.004357779948127957,0.38964013950851856,0.19899388409065466,0.2833488617337923,0.07307825523530512,0.04016676861590089,0.009952473702536506,0.00045971306327729426,2.0200290603632616e-06,1.0407282631356097e-07
104_2_1,0.002705884942891149,0.05082417073914409,0.260053649470177,0.2372239879962399,0.3511594199396175,0.07479550408468148,0.021706655817731922,0.0015298580025576638,7.703013745611461e-07,9.870558473814004e-08
104_4_1,0.000993276526496727,0.006349806768831516,0.1398513337320297,0.35813451293397863,0.32692425515907847,0.1478932145129076,0.01449383753936376,0.005357900394700233,7.742045294373008e-07,1.0882280837963e-06
104_7_1,0.001974186947089726,0.4543914040843447,0.22071458019778947,0.24359338020712373,0.0512490832930368,0.025938138197108794,0.00195348367788828,0.0001827590485871601,2.904531118719882e-06,7.981591264904975e-08
105_1_1,0.03935765932888222,0.23962614714345815,0.07823675207282348,0.27139444630537146,0.3476072937930034,0.01657358770450791,0.006591414301242279,0.0006103006829557908,2.278797264943943e-06,1.1987049013519303e-07
106_10_1,0.0008746708650285682,0.020993982794921744,0.1214101195865051,0.23601966300294996,0.5759836219763163,0.029587406385433297,0.012727388731190907,0.002400870554360482,2.1209736127488937e-06,1.5512968095136008e-07
107_5_2,0.0029662866604611834,0.08343212347546812,0.279130364658016,0.3990296436975642,0.20354444858691362,0.022978772132358806,0.007849485925563704,0.0010671743425465963,1.6323069609772391e-06,6.821414705495552e-08
107_7_1,0.010169720268095516,0.031409660458987035,0.34204605166058866,0.17559417283324347,0.14489955032904064,0.26823036801449596,0.026012563024545195,0.0016232626393215227,7.052219547328843e-06,7.598552134800316e-06
107_8_2,0.0010360496946197817,0.018327322628435838,0.3082166566255539,0.1634963508958692,0.4810656613650903,0.022930093425344997,0.0040787932078271225,0.0008468030454658235,2.193866496938745e-06,7.524529584336338e-08
108_7_1,0.009841972760994053,0.04939476208809899,0.10456860631058183,0.37842577787682213,0.24871866686900082,0.1065999836695283,0.006180814777819913,0.09621841968779185,3.01859193411356e-06,4.79773674277745e-05
108_10_2,0.002838154349305552,0.023220393138279914,0.35497466025376306,0.1510326272072927,0.1885218197622719,0.21534919097998803,0.04692084282473308,0.01708344913135697,4.952608847839686e-06,5.39097441610463e-05
109_8_1,0.003597697085647553,0.18383454895130139,0.1507101480339141,0.12759501630836492,0.3852931191571331,0.13731384327357488,0.008226317221820505,0.0033282137607000654,4.7749857816479924e-05,5.334634972699004e-05
110_1_1,0.0022601698590693905,0.16806408227904204,0.2717394064476779,0.1943039889557787,0.1698860997580817,0.18990236880896977,0.0014527569639737133,0.002343935963854112,2.7886272949051775e-06,4.440233625792094e-05
110_5_2,8.239441071911905e-05,0.002262686228482086,0.20755752571053537,0.14139648639725572,0.3969806873773267,0.09392251979041333,0.12905289114607302,0.02867544677618954,1.851642451220828e-05,5.084573849276783e-05
110_8_1,0.0007062867312135267,0.03527911477073329,0.028544824609072966,0.13128783401400027,0.34971076634679005,0.38948592259524417,0.05771901841931077,0.007218436527177513,3.588540370927949e-06,4.4207446086699486e-05
112_11_1,0.01587112500365179,0.08096654453323307,0.1309006810141395,0.45984678317540867,0.17502154060344557,0.0926288095012762,0.026416715086030423,0.016629747475269314,9.019966146707746e-07,0.0017171516109310008
112_12_1,0.0016176191224643048,0.008977877004619023,0.01110318242286454,0.22151849260769543,0.24011729249150415,0.3140195301706095,0.01441934640690499,0.06716998904845403,1.2908148984414937e-06,0.1210553799099856
113_5_1,0.002560414345571235,0.014370730579588183,0.09077455207745752,0.23857131047306432,0.14260732436204793,0.19934843130274713,0.0076810871875046625,0.3040220313141193,4.3761042797717305e-05,2.035731510204599e-05
113_7_1,0.0002527417445427314,0.003266927583050153,0.010751419094512592,0.03672810146734129,0.20448575217498435,0.5431217484359967,0.06971140545895806,0.10147417495579623,7.280546677246899e-05,0.030134923618045432
115_7_1,2.4969022157688015e-05,0.001102960839499565,0.008146048864958238,0.04437146185985067,0.20634709230841733,0.6335848996852399,0.04768609423569047,0.05848670454334682,1.6037226644257414e-05,0.00023373141419509618
115_11_1,0.0040143470686367965,0.03231748749291157,0.2241549234952894,0.2227160394562758,0.18512862305293526,0.31728144402197617,0.012858543268266881,0.0013212977125301255,0.00020711971988885176,1.7471128921532191e-07
115_12_1,0.001905638810077708,0.02961955821108712,0.17592484115303678,0.20917807242482328,0.36591467630119057,0.20317515486415538,0.009183130561116595,0.005092970922189772,2.8431959548757085e-06,3.113556367861593e-06
116_3_1,0.0019123549670140888,0.018357948196862595,0.23446327752671572,0.22970731639116734,0.28464458492528416,0.21322244309328978,0.01037323619083428,0.007306959404718929,1.1600582232310296e-05,2.7872188066810585e-07
116_8_1,0.00032362165940541434,0.0021236303823589696,0.02719536124794834,0.038169196297384377,0.24798186097604616,0.40081510221156585,0.08781308564531898,0.19557589387616234,2.1072465395030155e-06,1.4045727009231412e-07
117_1_1,0.0010840909707565567,0.03394119704600064,0.05181236582183338,0.1411639524538405,0.24040756785045594,0.42020406358889206,0.042373659036275144,0.06901048864734541,2.3795139388460137e-06,2.350706614129113e-07
118_12_2,0.0007758298796591044,0.00467624716542298,0.08312257808004693,0.17318261652596395,0.30863032638647103,0.2908070154024639,0.08203305786596814,0.05674570862968905,2.654831462089731e-05,7.174969399744542e-08
119_3_2,0.0018041421241653463,0.09167615227742867,0.20070095501214985,0.40730241018794994,0.13148537448296668,0.14591791810358345,0.018721885851144076,0.002342058894083294,4.902640689969532e-05,7.665962889752135e-08
119_10_1,0.002437810949746293,0.040590815483975966,0.043093703865833576,0.272051240116982,0.431733176545641,0.11826867439097291,0.0883501284707133,0.0034652058843611436,8.971894486605383e-06,2.7239728731595285e-07
119_12_2,0.014818316512857397,0.013320575135474307,0.12757612915424704,0.22493889694573893,0.4967197458315244,0.08227239491998976,0.03924024370762212,0.0010757210294035614,3.7916597809718456e-05,6.016533268440782e-08
120_2_1,0.006187940162122429,0.19213711111656168,0.1379799342270721,0.2309673405139541,0.2139073772938052,0.18247145141407298,0.03511455177121027,0.0012324512061438614,1.2562677510058614e-06,5.86027306248939e-07
120_3_1,0.007138339594994286,0.10205426883063104,0.18871660644733476,0.21255244327862732,0.29100897169251705,0.14021349181396206,0.05541632755812872,0.0028907454658677785,7.736764533604673e-06,1.068553403329791e-06
120_7_1,0.010573265403520972,0.10890493740837306,0.10393241548811848,0.16845069533890594,0.23496416619685082,0.35980854739411866,0.008931568469033865,0.0044290958080516005,3.071351887430407e-06,2.2371411392308957e-06
120_10_1,0.0009810279898612533,0.1563462823394974,0.061436756165822226,0.4140371029970688,0.15592595630246542,0.18341513261182585,0.026956226301234457,0.0008991151667254972,1.7497024298090202e-06,6.504230691623942e-07
121_11_1,0.04246554106344741,0.05955606077539226,0.12060240681032597,0.3517519502333764,0.28379885767769897,0.11165095646103369,0.029418654463341225,0.0007471380288748628,8.218628036774758e-06,2.1585847252973246e-07
122_5_2,9.787564759391425e-05,0.0005181807113192456,0.014256978089810902,0.01304736013353068,0.0508072946390766,0.839246237071767,0.027597464276932427,0.05441524783113489,1.3320624313228701e-05,4.0974521028223704e-08
122_15_1,0.004983237700055626,0.0052845289158695175,0.05304163328135225,0.11387934423033945,0.6511658577348146,0.11496262847583301,0.010937863040302998,0.0457418825948424,2.6765405743311574e-06,3.4748601593934566e-07
123_7_1,0.03543821103284477,0.3447769651042036,0.1761981942485722,0.2341412922724237,0.17273729026510834,0.028804321751467597,0.0067819390212899506,0.001120320142681562,1.206739959123503e-06,2.5942144894691495e-07
124_1_1,5.950296988104801e-05,0.0019532086864798527,0.1504062038068058,0.07248542999638179,0.21919130107243587,0.518774256863169,0.0332394382437859,0.0038612653012484906,2.8123019595199193e-05,1.2700402170653505e-06
124_7_1,0.019142453302232326,0.01852769158703759,0.0607278667031355,0.3462726188022725,0.3342871020113202,0.2125013019550286,0.00723958886917341,0.0013000336686718004,1.2313537765023888e-06,1.1174735144675434e-07
124_10_1,5.0139310073575555e-05,0.0006059993334390557,0.003246919846777559,0.020376231393064513,0.09082519568037996,0.7975394161470856,0.03389475301045582,0.0534550890114952,3.2691699995049177e-06,2.987097229394708e-06
125_1_1,0.0027159719286388453,0.013895509479729874,0.14858656563019837,0.31510745964377396,0.41049620549626986,0.08798079243303401,0.01467186944531892,0.0065423618147097936,3.2081768434376615e-06,5.59514829886989e-08
125_4_1,0.011073675898435302,0.0412034508995327,0.47824961737540544,0.2511927452496024,0.10379746139551572,0.10511881291548002,0.008426603032611377,0.0009364928766582654,1.043381284154079e-06,9.697547463475616e-08
