psu_hh_idcode,subjective_poverty_1,subjective_poverty_2,subjective_poverty_3,subjective_poverty_4,subjective_poverty_5,subjective_poverty_6,subjective_poverty_7,subjective_poverty_8,subjective_poverty_9,subjective_poverty_10
1_7_1,0.03729431942192329,0.08127478744862651,0.19004067955688983,0.2791234132805307,0.1911050939763321,0.12861903910842884,0.05936024073683627,0.0290693773414171,0.0035225202041446572,0.0005905289248711704
1_8_1,0.04095886014072165,0.09903331164798991,0.19495269558075776,0.2609329704199504,0.18893462945520462,0.11867361734054745,0.06072706245812945,0.03146562283629768,0.003051294213721985,0.0012699359066796374
1_10_1,0.005801055388018651,0.028749395686273445,0.07352979214082794,0.19488863154099878,0.20448829969471796,0.21559121513702703,0.12851182760122595,0.11813463763020685,0.017175132985178972,0.013130012195525047
2_3_1,0.020131471425346055,0.07794229101669906,0.1574795219398907,0.22235984349590948,0.22292734308062437,0.15608279228807415,0.09815722240742532,0.03687079287379144,0.006916941634522782,0.0011317798377173782
3_1_1,0.05088797024360915,0.1229576231781019,0.20363575722554217,0.21690789236383956,0.18754164136421814,0.12873456742357678,0.06003016959647748,0.024777348365947995,0.003631279178551976,0.0008957510601356764
5_4_1,0.008752421302368057,0.019643682190912334,0.05129274655552972,0.12964549912676304,0.17051704726602834,0.23093424518169203,0.17214385758666242,0.19085748115620957,0.020348802575943747,0.0058642170578909435
7_8_2,0.008379137066916962,0.016998977817011936,0.05668537886888796,0.10595089237606133,0.16759836262421476,0.3054416123692086,0.1359373183310084,0.17060668286898115,0.027077786423551638,0.005323851254157303
7_9_2,0.04870724534485351,0.1164380707031363,0.20659126595269617,0.24103482797261822,0.1867681603462066,0.10891062351219591,0.061865469236522794,0.024621381465454638,0.003808442304201119,0.001254513162115265
9_1_1,0.034813233213981,0.08707051705291026,0.2203866485921043,0.2546098088187246,0.2034771677135357,0.11566931891483094,0.05296930447533981,0.02517528121202392,0.002992156457312163,0.0028365635492375416
9_3_1,0.02194706889650891,0.08028750886306758,0.17836468795714816,0.22411012546300368,0.21467816704226772,0.14853668253887617,0.09135103364421654,0.032805809103391224,0.006245227194193096,0.0016736892973275071
10_6_2,0.04691964226021472,0.11975518274690294,0.20499140759560056,0.22651456924737073,0.1875732251907384,0.11464367255933267,0.06713446664343806,0.027427927239243522,0.004124319059309956,0.0009155874578491696
12_7_1,0.0436089456557664,0.11021863426380912,0.2698794496584195,0.21890646728356317,0.18283903758095532,0.09992710699619561,0.05072075109784046,0.017651274483444203,0.004658033722185548,0.001590299257821241
13_3_2,0.01878885578389,0.06415393640821286,0.12483818230216465,0.2280655314190194,0.23680854520979913,0.15997128029710525,0.10106987033092497,0.05665667804480857,0.007940951120997464,0.0017061690830780742
15_4_1,0.03773145624759616,0.08716780427976989,0.2285441025192072,0.23454888730512558,0.1737109035953117,0.1428855141460958,0.06125086853964489,0.027206150496420167,0.0023846204259597705,0.00456969244486908
15_8_1,0.024757216817695032,0.08044431345142844,0.17570371809626986,0.201248644916901,0.21575626302997977,0.15498246004723537,0.10288704988538219,0.037703462567183606,0.005493417936501666,0.0010234532514230474
15_9_2,0.04549062823048061,0.1134337809695983,0.20452765875068965,0.2393978750340603,0.1932004880366948,0.11319497883892626,0.05962750609829896,0.02690766161413788,0.0035626064327063034,0.0006568159944074721
15_11_2,0.08540388810582301,0.1384648309747251,0.32738000477159596,0.18808519467827428,0.15000334389122283,0.0624767297939412,0.03841481467027748,0.0077467659636269465,0.0016433382963337837,0.0003810888541798915
16_7_1,0.02179075285563505,0.06946591877533152,0.14075770063616638,0.22341279410162757,0.22166702515453302,0.16658561873264574,0.09991202403607316,0.0444322040770236,0.008686282079042063,0.003289679551922324
16_8_1,0.04314555207832056,0.11201847326750865,0.19526601873450816,0.21803133941131023,0.2091981046963837,0.13062311674631072,0.059666871042547955,0.025470848853584558,0.0037820381888757524,0.002797636980650072
16_9_1,0.036372329735460125,0.09393484776414643,0.1933567675735484,0.22495922645526417,0.20650329610496856,0.14643799528217655,0.06141939476996733,0.030499789062135,0.0033895571049717913,0.003126796147362022
17_3_1,0.022667146279503888,0.06475961041339602,0.1439303040077546,0.25811527727327477,0.2474602124614395,0.1457184460915771,0.07200160490063859,0.03516471652193641,0.006793602659540135,0.0033890793909393453
17_6_1,0.02592041803726547,0.09869751438116019,0.1889496140708453,0.19133953828530062,0.20630716038822478,0.15232015874729862,0.08974931164027679,0.039643875139669035,0.006186831939170043,0.0008855773707897004
18_2_1,0.05069447428279696,0.12276577785118765,0.2109427747971368,0.2336885704102047,0.183261007325352,0.11383605990037943,0.05703919754008603,0.02460995418289868,0.0026560518167250842,0.0005061318932331549
18_8_1,0.040424304339879306,0.1224993192850219,0.2274888459775174,0.2460071726756502,0.16848950860400588,0.11163856375634494,0.05811766393083203,0.02283051514347527,0.001862650133089045,0.0006414561541846265
19_3_1,0.04794020678480521,0.12288280261483038,0.19789977427192407,0.21435942482147263,0.1907818614796288,0.1316564287469944,0.06116980478984377,0.02830194516685907,0.003867214687376768,0.0011405366362653453
20_3_1,0.04310931674974279,0.09774213780919092,0.2455927708204738,0.23332577289707426,0.19848906508517,0.10577014134569969,0.04868410094406096,0.023634706647840426,0.0025196113848546995,0.0011323763158925817
21_1_2,0.046017725433014786,0.10849871658509284,0.2110992416960231,0.23633106257739023,0.19137264454123443,0.11278230892428348,0.06190162129679774,0.027686926851614533,0.0036136945893773262,0.0006960575051714487
21_2_1,0.04425839825748332,0.11145604252005756,0.21849744567763152,0.23859302761425666,0.19579491874481295,0.11033060008981674,0.05268338410746424,0.024081197956806515,0.0034797383871390296,0.0008252466445316677
21_5_1,0.011471189733501929,0.02398390268625816,0.06631155973725661,0.16498129017982283,0.20041661946991898,0.24972618722182735,0.13785486890298407,0.11696584443111341,0.02212628471074783,0.006162252926568997
24_6_1,0.05376559277401451,0.1162961298518483,0.19904086784275332,0.22731296464180906,0.19060489057957372,0.11894907451158518,0.06584661326267943,0.024712042858857478,0.0029853099568114194,0.00048651372006833655
24_7_1,0.04296671384954526,0.12495499067137408,0.23655583389830107,0.2329219134714341,0.17984247281414864,0.10873799915834591,0.04251117072434219,0.025046619676097368,0.00245031418613061,0.0040119715502813635
25_7_5,0.05488730874413293,0.10056231506963569,0.23349411214319246,0.24202846879280185,0.18916585361364005,0.09633442630129917,0.05422329819807271,0.02523159415391088,0.0031509280399417837,0.0009216949433724682
26_1_2,0.05577006646191851,0.11961382505487904,0.20450927012299208,0.22461012336040992,0.19302596320623475,0.10643900496754036,0.06597933112449929,0.023842512168798458,0.005221814051771246,0.0009880894809566878
26_2_1,0.051339961111289405,0.12083929636459333,0.21103685813900377,0.23392243360292667,0.18641399661348082,0.1116388018893606,0.056541500931063006,0.024965333399658726,0.0027436455284783625,0.0005581724201454113
26_3_2,0.04510287460268138,0.11522126499288352,0.1924901404371725,0.2269879590172191,0.2013390358639413,0.1200355547732253,0.06716099276151556,0.027484813683155203,0.0035625825919818645,0.0006147812762246507
26_7_1,0.0520058436346316,0.11510813177294149,0.19653949117568054,0.22598810328221616,0.19273087436051176,0.12193492794504796,0.06716630864822924,0.025024108155256023,0.0029507294984450557,0.0005514815270408878
28_8_1,0.04064495210356734,0.08960296326760808,0.23234130505051573,0.24254156956687778,0.19036217355763504,0.11799028353840779,0.05607170274261723,0.027414942650175175,0.0024990230294169337,0.000531084493179426
29_1_1,0.04326016545268819,0.12181223027015374,0.1968630100566231,0.26760406230043043,0.1885038034093711,0.10279088036943053,0.052712960531991065,0.023652053321413298,0.002182430070469237,0.0006184042174294403
29_2_1,0.04800213376637448,0.12634053556374156,0.19222248388479415,0.23139064324214229,0.1987109727303411,0.11380836301604022,0.06014860434879815,0.025593207725492815,0.0029390239361894153,0.000844031786086459
30_1_1,0.05299822079098294,0.11775160188172513,0.19536222697612735,0.22665317240218413,0.19013276284001157,0.12026793132915582,0.06810053802109851,0.02532512129965192,0.0027813256909221453,0.0006270987681411671
30_4_1,0.03921127321518064,0.09062528522670618,0.19900017243479579,0.25577324751335573,0.20259726850267576,0.11900181902963256,0.06053442788697982,0.02930562194144781,0.003069960575581675,0.0008809236736441778
31_2_1,0.04941618863420963,0.11445614813029789,0.19628294574203034,0.2504695423340213,0.18478667104312485,0.11121452695778576,0.06691184444721361,0.023272682427170597,0.0025759723072952294,0.0006134779768517004
31_3_1,0.04763951937722827,0.0848611811195395,0.2150541407351714,0.2549791697464497,0.2026068013395966,0.11413877535237349,0.05113876692352189,0.026363035166338002,0.0021415614315594017,0.0010770488082219166
32_3_1,0.02348699726538412,0.07012095480536455,0.15697641694902179,0.23130748445327629,0.23116865800177938,0.14668713579600653,0.09114774873579261,0.04026138252917115,0.006653864444696435,0.0021893570195070547
32_7_1,0.038683225261634764,0.10574266074251777,0.23325709105341114,0.21691995211203408,0.2075573470963362,0.11257172876048638,0.05478162519739484,0.02646568560019606,0.0028365040182771286,0.001184180157711756
32_9_1,0.022376638205653648,0.07411393091423793,0.1707844044087078,0.21495289011263172,0.21792762052281575,0.1583331533316782,0.09555531458183639,0.03741502703374274,0.006446934311510859,0.002094086577184985
33_5_1,0.04199328407251501,0.10689650504396142,0.21492775834079042,0.21841962208421203,0.19456705981486466,0.1245616591545292,0.06531631936505837,0.02934545134287628,0.0029221648953830356,0.001050175885809779
33_8_1,0.05316269628533064,0.13070978132258354,0.19629595270541075,0.2137441794710458,0.19456760815063193,0.11993060758943462,0.061393000793004186,0.025466290029478037,0.0033317352111997328,0.0013981484418808898
36_1_1,0.046666665738136694,0.11212334474135327,0.20197925766025754,0.22278714488592402,0.19441173451479465,0.13620775090773388,0.058613819449008064,0.023744628230311853,0.002636529515908929,0.0008291243565714356
36_6_1,0.04513235995639616,0.11575353025024014,0.20837275784094775,0.21522835290238043,0.2045413445368049,0.12827534837256466,0.05644382486232521,0.02264755697917134,0.0024847530699776484,0.0011201712291924722
38_7_1,0.02595818020971379,0.07267675237391458,0.16744018716834713,0.23685276458905546,0.22437841847367176,0.1449301469137797,0.0836228299042537,0.037000199545612414,0.005181025931162681,0.001959494890488592
38_8_1,0.025159944039503935,0.07708639289402983,0.17862962857353623,0.22705717837997305,0.22213201025636803,0.14216962881347964,0.08504937367621172,0.035550607423875384,0.005511015503329019,0.00165422043969346
41_2_1,0.03692941813732264,0.08000990619138378,0.22334352358442652,0.2295427507842374,0.16436121443870716,0.1663394272987732,0.06127797942801446,0.025410308826317965,0.002560140324927568,0.010225330985889831
41_9_1,0.02485953151595724,0.0660300693976755,0.16893787479793418,0.23297136817775457,0.21515864918395983,0.15644420871453146,0.09079258902532146,0.03773136861964884,0.005544278072277168,0.0015300624949400254
42_9_1,0.04674538783905018,0.12354471392831073,0.21201551798131288,0.21376429490549362,0.19120508216986815,0.12248330967327765,0.057535192240416054,0.027908791246912243,0.0035887192535854024,0.001208990761773514
43_2_1,0.04087020765720331,0.1014216411177837,0.21215397435511066,0.24041238034081233,0.2073431763847633,0.10894019129805221,0.05472921605103602,0.027809252079852437,0.0046358899397501265,0.0016840707756367046
43_6_1,0.022677899671451708,0.07756585169840755,0.17291529457219904,0.21057615188508746,0.21138036740219263,0.15341677468273032,0.10262633400025406,0.039957866667620114,0.007045676493662929,0.0018377829263943517
44_3_1,0.009187795584806273,0.02570122389931336,0.06715245916521015,0.21488228307136098,0.20518493921680833,0.21280919200252682,0.13754431492757788,0.10235707404040963,0.020515930221917843,0.00466478787006941
45_8_1,0.05725933077483627,0.11941652810959874,0.2059394257063982,0.20810444890131874,0.1893422565847269,0.12362447110391116,0.06868591170642156,0.0235337903894709,0.0033305031482282785,0.0007633335750896758
46_3_1,0.02243029765219909,0.07671626091566873,0.17527654005762297,0.22967302916067225,0.20531902591529905,0.14174798504800934,0.10139348064438901,0.03855499551122698,0.007594519827686614,0.0012938652672261006
46_7_1,0.04943814451220035,0.11793077393811864,0.19738737236467996,0.20841051098286628,0.19701173289027896,0.12975522772146486,0.06923569484472064,0.02680994685067534,0.0032396874837048667,0.0007809084112905373
47_10_1,0.023330122222324407,0.08464013082723712,0.172568489996211,0.22989295030238674,0.1973515216711632,0.16089242321520497,0.086785511755658,0.031279377976114284,0.010762714242605349,0.0024967577910952267
48_4_1,0.022925119510570566,0.07723571024723183,0.17841012218736824,0.21441647972458025,0.1998419242843057,0.1587693062886549,0.09944713676980664,0.03813025037090023,0.008577587574441527,0.0022463630421401186
49_1_1,0.05174763467731428,0.12039983081663236,0.19972402828637023,0.22946217341264238,0.19712213274349719,0.11161476618229775,0.0630467266853263,0.023273989101050763,0.003072114080134735,0.0005366040147343849
49_2_1,0.021561451456071128,0.07139830623473947,0.1479581358754339,0.20675341776217615,0.23567227319268494,0.16511903998831878,0.09866212679292369,0.04387435374134318,0.006932132594811993,0.0020687623614975455
49_5_1,0.020481518293773808,0.06626678267302147,0.16059685833425835,0.23793006761979435,0.21375593102313895,0.1514713822437261,0.09471696151898054,0.04161501561300005,0.008271514338756322,0.0048939683415496855
49_10_1,0.05503421284697262,0.12042574550955416,0.19545442516560987,0.20854966304409803,0.18966074003967315,0.13202510238678014,0.0711879570210406,0.023640616937544004,0.003353926809459674,0.0006676102392685225
50_5_1,0.02532029229666201,0.08414433053561689,0.1683698269518025,0.19948446166817263,0.21872604722896996,0.15438986822680534,0.099160842232864,0.04322564237123793,0.006069804278160329,0.0011088842097086435
51_5_1,0.025777029646331908,0.07844842021299389,0.14718969652562303,0.20892344924873335,0.21549878296441105,0.14955246383360948,0.112857205765498,0.0526860447801488,0.007984468616642391,0.0010824384060087833
52_5_1,0.04889616535019378,0.10613474255017852,0.19789440529332863,0.2288095457648708,0.19933190219437566,0.12328725588639598,0.06615167394397596,0.025897641564845954,0.0030015037890738488,0.0005951636627613413
53_2_1,0.05181344467684822,0.1285270318415124,0.18979683623623875,0.21327871279340543,0.20139227686424105,0.12259414298385135,0.061309746592610265,0.026230154161600787,0.0036935046328715154,0.0013641492168205802
53_4_1,0.02234338622768449,0.07110467870756423,0.1634313123605225,0.21865158202901977,0.22081008240041272,0.1606633215862401,0.09522789312247627,0.03845613131795396,0.006495953238010301,0.0028156590101154344
57_9_1,0.047866353025125194,0.12038296210280469,0.21372483357680527,0.21554680640278273,0.1910722233159743,0.11975102017370304,0.06054186671817788,0.02722357344451754,0.0029202021505806133,0.0009701590895288285
59_3_1,0.022498787728505325,0.0721400898898673,0.16898482894449046,0.2100643716554013,0.2146874659924804,0.16453384855520592,0.09922916641144634,0.03905223290008078,0.006434209763945712,0.002374998158576774
59_4_1,0.027439940476475373,0.09543200052869583,0.1728025995842811,0.20113848027744913,0.20843550803305713,0.1556565665002952,0.09222051699080913,0.03883183384605894,0.0069545406917482944,0.0010880130711303057
59_7_1,0.023228276012574996,0.07062328938559664,0.14419722070094398,0.19669981320549546,0.2255003917094494,0.17602527801138546,0.10784511518492255,0.04575908409907532,0.007770724597135145,0.0023508070934214857
60_3_1,0.02270326790758572,0.07296344794834582,0.17172263767498727,0.2140614671389401,0.22277052933435085,0.15426670399307532,0.09536051424827181,0.03783311517077116,0.006174461949516971,0.002143854634154679
60_6_1,0.022219990045466126,0.08504318117640122,0.17271036153292224,0.21653895392255632,0.19833417413355753,0.1595037642770743,0.09773429043785392,0.037566986590548516,0.008841002844681629,0.0015072950389383812
62_1_1,0.013281614042644125,0.041919427972402244,0.11737812581697761,0.17318610144615335,0.2582012353930825,0.16689207513253712,0.11355426731842329,0.08210982974104165,0.030875792813809706,0.0026015303229287028
62_5_2,0.06290837041227837,0.12677057493161206,0.22425193514843939,0.2015668844020766,0.17135472012143024,0.11761924455556252,0.06694965721802977,0.022122504827028308,0.005208474526439631,0.0012476338571030458
63_4_2,0.024998676374876953,0.07624101535458166,0.17279095879497314,0.2175855317092816,0.20730896252308237,0.14980009684435958,0.10349292248673275,0.03949134022342703,0.007473420691811177,0.000817074996873753
63_7_1,0.05684212255307255,0.114973542194937,0.1976878820797009,0.21415116698826808,0.18856059153942142,0.12387873684770782,0.07550436185182645,0.02491321235941714,0.0029917786722291626,0.0004966049134199856
64_1_1,0.022767282961333242,0.07139420036957798,0.1564772957581852,0.20982929017999374,0.21744397067893162,0.15524672240497006,0.10396291163376162,0.04649514945284453,0.013670879219001217,0.0027122973414011107
64_8_1,0.04828652043066792,0.08821702718226253,0.1745965168988881,0.21804772864853064,0.20859728021818,0.14923025146722577,0.07920149920288105,0.02894278427077196,0.004122707288580494,0.0007576843920118714
65_1_1,0.046981962375230155,0.10382727933167359,0.20113232657071003,0.23654396946095138,0.19022447895120176,0.13082743216919743,0.06085679646105801,0.026226017233155777,0.0024189932386564166,0.0009607442081658632
65_2_5,0.05332154192149995,0.14417274428704696,0.1702408925498558,0.2106461765668226,0.1385427493063583,0.18874023905562481,0.08515119040302559,0.0076354163056289,0.0012791921295331311,0.0002698574746043436
66_4_1,0.04303988977525544,0.10056730826192203,0.2136566009083499,0.23746232904812492,0.19251133101017753,0.12390221344116045,0.06032309984000878,0.02544400030204406,0.002447879149939034,0.0006453482630181108
66_6_1,0.02671016334453291,0.07199497679039335,0.15353264053845717,0.2408699573844392,0.226214854848173,0.14654737787894537,0.09150490196497268,0.035643837091302956,0.005924103275537331,0.001057186883246395
66_7_1,0.04246785641507577,0.08932244409450729,0.18095717147701026,0.24300898581690453,0.19666655820850426,0.15763671844877356,0.058788924754195865,0.026917363656551337,0.0033271764627386185,0.0009068006657386399
68_1_1,0.04037832329784905,0.09692708876310922,0.188096694241455,0.23337240063445092,0.21267616874602419,0.13511507458308963,0.06152582092818486,0.02752899148217848,0.002886641621974671,0.0014927957016844834
68_3_1,0.045748530403277074,0.12195154652114419,0.21435376809520387,0.211402620371908,0.1957378305164205,0.11998506307011426,0.05995293849620861,0.02661268848842864,0.0031784723764621747,0.001076541660832998
68_5_1,0.048974302370655455,0.11345322147999463,0.20802935953720708,0.23458086105206394,0.18671825360027247,0.1198766259600017,0.0593313396968679,0.025930985885805384,0.002652401720449647,0.00045264869668231497
70_8_1,0.00956118054630926,0.03027827970084566,0.07355937615110782,0.1782095181648129,0.24881520568779517,0.22673688938843417,0.14605218562509525,0.06594525063694258,0.018119226253992482,0.0027228878446651185
71_3_1,0.046584800141073884,0.1115837750147879,0.20422012185205315,0.21100036417521414,0.20646105840663137,0.12099835566634819,0.06744091887535043,0.02755613222184645,0.003319181344611246,0.0008352923020832953
71_4_1,0.055851055339220794,0.12805523037018235,0.2022702188356623,0.22341130987610766,0.18331778794236372,0.11463347233933498,0.06500893678564207,0.02337377124738412,0.0033683356184781668,0.0007098816456244022
72_2_1,0.038807212066621743,0.1049641512442861,0.18894083050744215,0.20073726042335668,0.20275701851720218,0.15943031742749011,0.07015763135258077,0.02915390260949876,0.00403635649272789,0.001015319358793508
72_7_1,0.048033377132393355,0.09801292806053254,0.21447769248992052,0.20414205663450813,0.19312078645763076,0.13266442411602222,0.07536867445794633,0.030499911218432204,0.0030146041518918855,0.0006655452807220449
73_5_1,0.043643460962537274,0.10432747260381284,0.21543640643194323,0.23468470761472404,0.18936399189149783,0.12498444664403491,0.05969351758289446,0.024890667005673734,0.002373480406536804,0.000601848856344945
75_4_1,0.027103418318639202,0.08899097340539433,0.1771978105786018,0.22591465495667354,0.19807944698683502,0.14442389377798762,0.09416215332944974,0.03663278901284666,0.006200773129272546,0.0012940865042999068
76_1_1,0.049567701995762554,0.11225887830537455,0.190194561002116,0.22532182575571383,0.19780744574259126,0.12290291730226778,0.06878065368629252,0.02898913528357479,0.0035268971920697795,0.0006499837342369029
76_4_1,0.05335540395577365,0.12218459865089785,0.19693716582279205,0.22662233124898307,0.18799554049593759,0.11803430844465533,0.06702863376764166,0.02401857306179378,0.0032497030069954104,0.0005737415445300825
76_7_1,0.05236460055186504,0.11491901775554342,0.19779859012240458,0.22994064844300902,0.18520693582873918,0.12218639801493628,0.06810550847361987,0.025606096949845336,0.003297668292455965,0.0005745355675820683
77_1_1,0.04700560228292555,0.13918433024251875,0.20021242572310902,0.22147599983569355,0.19579820493963024,0.10947098063778052,0.060596481359897016,0.023064535280397667,0.002413576427136209,0.0007778632709117133
78_1_1,0.03586009890578909,0.1177163003858755,0.2419464178307891,0.1952171211649117,0.19816429965181484,0.12871072672433087,0.05329496368838261,0.023826664011731766,0.0023401964029295804,0.0029232112334452052
78_8_1,0.009487940663511489,0.023289613918361634,0.0749760260566451,0.18015001510309733,0.21072537392351273,0.20324410979800783,0.14779463153984534,0.11590999044869936,0.026808817498446005,0.007613481049874313
80_4_1,0.04351938276431155,0.10139657454873856,0.20751349761118396,0.2344963273334708,0.19450636049304437,0.12824954035190322,0.05916543156745451,0.02768184068547795,0.002575776559652458,0.0008952680847628683
80_7_1,0.04638600020628832,0.11425090287708707,0.20136877235464504,0.23672523373254226,0.19257363569372918,0.1212709476197501,0.05646473339570834,0.026902385829196386,0.003296583124652803,0.0007608051664010327
81_6_1,0.0472206085622906,0.12002509018971805,0.18951444925277738,0.23473168223822521,0.20102592627006946,0.11530601477218015,0.06238877431008187,0.02604743954527949,0.002987640436738186,0.0007523744226400288
81_7_1,0.04279186858732438,0.10431423884614385,0.2043398784300203,0.23615628728568244,0.1914062030654527,0.12921683403765097,0.0596405754248737,0.028090730040576873,0.002861654793247655,0.0011817294890276873
83_4_1,0.05029019412274856,0.11709049762906609,0.20088750590500318,0.22569399294272624,0.20400384175163425,0.11276774126613846,0.06243446758778801,0.023032320611071775,0.0033019378568292044,0.0004975003269950867
83_8_1,0.04084773332867471,0.09638979368156705,0.1851520759119214,0.24091630950413656,0.20149387113206535,0.13380949719881546,0.06672542716646873,0.030021722280153457,0.00371584624213701,0.0009277235540603386
84_3_1,0.02529659033162397,0.07363890782105706,0.15412364327044842,0.21947651868659548,0.21899691482471284,0.16984170059853693,0.08893650684492652,0.04045011625022275,0.006234534332290539,0.00300456703958601
84_4_1,0.045183196399158077,0.10063161779664,0.21400641796748643,0.23543817868520317,0.1854940947307306,0.1295596761058651,0.05964292502140146,0.02717465428852917,0.0022578055806306346,0.0006114334243560283
84_8_1,0.04101841322532613,0.11705739598569838,0.21787651983359219,0.2544790271627811,0.17310737914851732,0.1128446330384728,0.05765210195084554,0.023402299558831226,0.0018928862479790343,0.000669343847956978
85_2_1,0.05068183571579654,0.09799191036444664,0.1999283588648561,0.21459024027342702,0.201679339029539,0.14198227683076806,0.06457568913253674,0.02509217169555437,0.0027801719193740154,0.000698006173701793
85_4_1,0.05173835835014788,0.12414029739709026,0.18696707207284313,0.23000472014389842,0.19514048656851837,0.12384262786174068,0.06062118218245246,0.023117486404426724,0.0033569796386170208,0.001070789380265684
87_1_1,0.05176496271066768,0.11824471247586538,0.19893334679436891,0.23088596331087197,0.18832597973981338,0.11749546955582042,0.06590000961448883,0.024890723427657024,0.00286130797803925,0.0006975243924077929
88_3_1,0.044816179751142944,0.11181663167853186,0.2513724317283633,0.22867451219120383,0.1834864671899077,0.10346204054301306,0.05080228947908624,0.02085481666502533,0.0029250489615444885,0.0017895818121815743
88_4_1,0.026342721929567704,0.07164957887402151,0.15508506839679811,0.2210155127618358,0.22693250373755497,0.157710989656285,0.09266154178064842,0.04072652157244883,0.005879286981591203,0.0019962743092483267
89_6_1,0.05241283871832737,0.12864349761815452,0.19725206122724478,0.23076385812340694,0.187239787381627,0.11263151027608777,0.06277169023521345,0.024394456007217222,0.0029180257973640345,0.0009722746153573291
90_2_1,0.052292826011912014,0.11573796065028216,0.2108468373331544,0.23484883115814179,0.18732944285281644,0.1138072556768248,0.0574295158510406,0.024194670302765623,0.002824930580879773,0.0006877295821830444
90_5_1,0.07126735843616148,0.14992709288988026,0.19989423649857446,0.20667837491643595,0.18245022512304257,0.10797061304340892,0.060061281982854736,0.016338166926881285,0.0049379946963114315,0.0004746554864487525
90_6_1,0.04796417647487881,0.12626131040109506,0.19517336207324545,0.24490145248906417,0.1876913970413889,0.11389969911221223,0.05679736317392597,0.023707989776941964,0.0028820732713454003,0.0007211761859023177
91_3_1,0.05426886119119129,0.11738320668495841,0.19663187242712993,0.22528218998516705,0.19414352381347424,0.11796971944192164,0.06585339966894019,0.024501381188003435,0.0033889407232477794,0.0005769048759664897
91_4_1,0.05202582282883324,0.10978952927402799,0.19140501572585417,0.23083590860023726,0.19488103209907556,0.12440715593678837,0.06884781131894908,0.024053124126782822,0.003197209036792194,0.000557391052659955
92_1_1,0.04861493620531884,0.11847510457324695,0.21372413628969947,0.2504405853792118,0.18243635163647104,0.10456209273893521,0.055156291226844095,0.023676679743848128,0.0022516108336324988,0.0006622113727923973
92_5_1,0.044379286856990455,0.10822803424301448,0.21588384297095217,0.23580274666463835,0.18571457699310584,0.12121139918335898,0.05937209638178803,0.02661198669065811,0.002269737661154216,0.0005262923543398124
93_6_1,0.07344712335423631,0.1366285143521221,0.19791786272941375,0.20629464557814503,0.1518866007870057,0.12482600794373454,0.08549775429797055,0.01771055848980681,0.005288931576340795,0.0005020008912247613
95_2_1,0.03279851451859255,0.10642620506157588,0.16815425320005453,0.22679684337476064,0.21583497250713887,0.13783713784429164,0.07464937994098014,0.031567726833373715,0.004861530900608323,0.0010734358186237022
96_1_1,0.07872387713519033,0.13093152056166105,0.19563452496827685,0.21820045410870045,0.1730968410718272,0.12253056272257953,0.056128348227218475,0.018350748234439045,0.005888702342886108,0.0005144206272214271
96_10_1,0.044281512935623865,0.10052926222095794,0.21167122405062894,0.23169482498980062,0.1940672949843023,0.12701672925680244,0.06090702441269722,0.026707615185284674,0.0024887532819489458,0.0006357586819535328
97_1_1,0.01328494160310507,0.023759682297180413,0.06455682871684154,0.16301039335977413,0.22670180439930288,0.2105762947341271,0.15585968970049108,0.11568840677064274,0.02121687313923215,0.005345085279303607
97_2_1,0.00806468249554165,0.03071251513775932,0.06435166233904574,0.16979873835784726,0.20051064145841246,0.20338698261096091,0.15555026487319543,0.1366379193313292,0.022148424818444323,0.008838168577464126
97_3_1,0.0797881700107639,0.12862729731415404,0.2043973785163108,0.20745315059774616,0.18768541408042366,0.1034302523524759,0.06619790954627719,0.01792121543156169,0.003920565610502974,0.0005786465397842235
97_7_1,0.05483289943712105,0.11973344986105339,0.20253894526356236,0.229824518231741,0.18793261879126233,0.11257038956526652,0.06260194219732539,0.026083292214995894,0.003159040062507051,0.0007229043751650867
97_8_1,0.04492378468651303,0.13400563317593348,0.1977374898900229,0.23369246255253315,0.19656436446438333,0.11281458412260478,0.054199245645181915,0.0227724351196361,0.0026338831027672097,0.0006561172404243763
99_1_1,0.04915689440582284,0.11989342444321298,0.21360600770753618,0.2300897073689692,0.19235312874459196,0.1095592455527281,0.05642379193483164,0.025752105675273855,0.002538350366819999,0.0006273438002134097
100_2_1,0.10246162573527211,0.09818525707203242,0.23378109268882236,0.1867162911998781,0.2285616695550599,0.08018237530600811,0.04510256154682983,0.022582899812746426,0.002003695675621405,0.00042253140773010984
100_7_1,0.04774379581969745,0.10952217187056441,0.21170050630379736,0.23306530870468867,0.18912852966695448,0.12178534389745628,0.058663096525554646,0.025480942733672747,0.002431132374555395,0.0004791721030586212
101_5_1,0.05626953040058228,0.12108789104097842,0.20421151614496855,0.22809550956001648,0.1904028249439239,0.10983008032304448,0.062169161715128214,0.023994027467525044,0.0030795427691998225,0.0008599156346332379
102_7_1,0.05406046072126069,0.11269419209321828,0.19163752371121962,0.2242188138908783,0.1936823411158689,0.12433451848059908,0.07188449905950896,0.023294170434610864,0.0034794389151338754,0.0007140415777019768
102_8_1,0.025485415936663605,0.09039790867187486,0.18456819908331404,0.2075615013014362,0.19287516570805469,0.1462619874779955,0.10825928518493291,0.03519912012572937,0.008194618418170662,0.0011967980918279847
103_7_1,0.015696057992853528,0.05201771514009714,0.12040334467656955,0.18215906325295725,0.22774965141002207,0.21471987198337195,0.1050499342469964,0.0618411062877418,0.017276314273332493,0.003086940736057896
103_8_1,0.05472209486115652,0.12357639286170512,0.18618373893044385,0.24370925982278632,0.19108372063344012,0.1101927869030608,0.06253756605977481,0.023961661222125608,0.0030158154050505164,0.0010169633004568415
104_2_1,0.045969891443616094,0.10908329245340145,0.2011695551521976,0.2364198159567273,0.1948732665724151,0.1225179786351873,0.05937692883009917,0.026959939737163624,0.002773290898833285,0.0008560403203592633
104_4_1,0.03921261682151006,0.092995003398822,0.2051200155567691,0.24509441495978185,0.20082289117298668,0.1273579301558613,0.057756632652685436,0.02710592863496222,0.0029532873347489687,0.0015812793118729364
104_7_1,0.09144952620974311,0.16675468721323128,0.18808846312790062,0.24364223895322232,0.14661509050099733,0.10412402916467853,0.04286674241132863,0.012392191438654741,0.0029868771034198614,0.001080153876824563
105_1_1,0.05018351138983279,0.13932153204684805,0.2404508944268248,0.22450757234181373,0.17843401406794007,0.09500153642394889,0.048334430155011314,0.019464074426521333,0.002664710166384966,0.0016377245548743343
106_10_1,0.023602718953262568,0.09153431860480117,0.1528438762809941,0.18807195158760825,0.2710359484387484,0.1417671848706082,0.08471871709513948,0.03794203020381595,0.007124967911830786,0.0013582860531913207
107_5_2,0.04878345947908266,0.11948757049508711,0.19880860372723155,0.21153665650553724,0.19882077511421217,0.12716319346434174,0.06404860917855765,0.025408131770101545,0.004553175727316695,0.0013898245385320594
107_7_1,0.07084246620019458,0.12064678600043917,0.19000941157613654,0.19150163271948356,0.17550238679335117,0.1497370579360536,0.06827567212345292,0.028174504815580488,0.004217386911682099,0.0010926949236259502
107_8_2,0.023825975533069664,0.07211926545886332,0.1764302034849362,0.2074574580631372,0.2308693641867739,0.1474557014156354,0.09673515876719976,0.036353693605354155,0.00668176351309818,0.0020714159719321702
108_7_1,0.040592591426868954,0.10090571157967192,0.1916599998472799,0.23052420658627387,0.209999831509045,0.13351143911567687,0.05699752281046501,0.03181932046338421,0.0028361744655481017,0.0011532021957865494
108_10_2,0.022512748677743923,0.073192031000377,0.15993695145988096,0.21058253767431823,0.2177244139118753,0.1676039455572184,0.09987655540899067,0.038948889175287695,0.007006296127206288,0.002615631007101507
109_8_1,0.04484131676825429,0.1078186755338522,0.19135736222236152,0.211009976750458,0.20959132508272948,0.1321688090445816,0.07003948650951441,0.027907128663969473,0.004072075975278398,0.0011938434490005908
110_1_1,0.037956916827160035,0.10980029005223116,0.21099334848339216,0.21060637032272467,0.22749604285841127,0.12512144840446923,0.052569967185132675,0.0193021259115821,0.0036074776126581703,0.002546012342238564
110_5_2,0.009080275835372242,0.01951949690312106,0.0686178083291614,0.13431278389722986,0.21641529393037273,0.21174162912317673,0.17406851128816567,0.12765697979189836,0.03315184595750176,0.005435374944001147
110_8_1,0.022783047738926553,0.06885425190430182,0.13180895504328577,0.2176338900579833,0.24137602395031613,0.1759647046018314,0.09056450525435569,0.040693156294729575,0.007034556906529726,0.003286908247739891
112_11_1,0.047627178576991204,0.11760625490136589,0.20614216985532427,0.23313088040303936,0.19236187610796018,0.11497491882269421,0.05958267153018265,0.025338518476545443,0.002709257802320884,0.0005262735235765288
112_12_1,0.018242436616564987,0.058005149027377745,0.12135332177221243,0.22027063416324902,0.2386736044978072,0.19783527418861507,0.08302908830819455,0.04078931357584048,0.008636990064148947,0.013164187785989219
113_5_1,0.023771705424774907,0.07010909877201393,0.1380335312356885,0.19602491238362763,0.22588610510356752,0.18910727503585073,0.1011439427358952,0.04284998772859164,0.009389837541251767,0.003683604038738229
113_7_1,0.007383276853015604,0.021104475748278766,0.06270276158240452,0.1306213007596228,0.17858983781891993,0.27065017507732675,0.16348587902072545,0.12914312786251286,0.021129568475197043,0.015189596801997218
115_7_1,0.009230595280973145,0.018246823435555674,0.06564887435969613,0.12047942161582878,0.17990346635422463,0.26443946232277754,0.1501186155380252,0.15751749656038283,0.027409074227688648,0.0070061703048484
115_11_1,0.027542090045440715,0.09428247900410358,0.1610228344723508,0.19868108493830833,0.21483641576733478,0.16254845930713097,0.0942769921530575,0.036554383893918144,0.008539952995807308,0.0017153074225481262
115_12_1,0.023863840496333256,0.07035811269348544,0.14025127694949294,0.21831337306137855,0.21539636271276402,0.17479949359236893,0.10151096075933481,0.042763061925814465,0.007935038951317834,0.004808478857709269
116_3_1,0.022977070531488085,0.07486454510368618,0.1502994647914259,0.19726099149411422,0.22827141660712982,0.1791015903965101,0.09732378772735188,0.03974932844740919,0.0076009935134377,0.002550811387447141
116_8_1,0.009072591037697439,0.02474549032269169,0.0605373755569635,0.1142906161642671,0.19503581961526156,0.23002647498813192,0.158285934063008,0.17708283698262053,0.025283243675271856,0.005639617594086989
117_1_1,0.023227229465487473,0.06970028106080443,0.13811015515604644,0.19612385956022205,0.23280362786675973,0.182104507441322,0.10366468294339808,0.04356378432293404,0.008189474975657664,0.0025123972073681573
118_12_2,0.021969940866791368,0.06578272030669055,0.14333946826521943,0.21758211066780636,0.21913520684733195,0.16077064764305524,0.11186647697044157,0.04956461869172869,0.007629216442638185,0.002359593298296762
119_3_2,0.04376321343633188,0.11759145622605899,0.1932123870616696,0.21141413562472633,0.19797010067067938,0.13668270474861213,0.06540370519189401,0.02894994968620576,0.003962282208848569,0.0010500651449737994
119_10_1,0.021504563165358134,0.06626315385266653,0.13682583703387133,0.21130027000472668,0.22653995853515116,0.1702008681776679,0.10695922774241799,0.047651781837232274,0.009037911481906157,0.0037164281690018003
119_12_2,0.047988277979246714,0.10933508230888847,0.19361914834083396,0.2122692304337071,0.1991086101113142,0.13592900956835863,0.06876911422600276,0.02705185401023356,0.00495981900142604,0.0009698540199888919
120_2_1,0.044791987315337026,0.11942641025341014,0.1982579379542704,0.20593626679761826,0.19400420327880208,0.13801546524888125,0.0662795587244148,0.02932197646774554,0.0029139096300703654,0.0010522843294505039
120_3_1,0.044040656794073166,0.11756954651976002,0.19569316663824543,0.20749956172331654,0.1976491880167925,0.13780608910589295,0.06628188458452629,0.02922759892274154,0.003068134710133476,0.0011641729845182488
120_7_1,0.03801385589423946,0.1085524016291734,0.19966562362028886,0.20154516596591188,0.21564338717700118,0.14069860769735965,0.05536224680029052,0.030669456332152754,0.003325005767769434,0.006524249115813124
120_10_1,0.031120363425793485,0.10484210365663539,0.16895124201625109,0.24461350501511442,0.18716919646433142,0.15715917137408045,0.07353962002166964,0.027772786756754615,0.002843229243101606,0.0019887820262679424
121_11_1,0.05637690002453119,0.11718751622185969,0.19381239556113306,0.2059043276723086,0.1911736926489809,0.1333952032122469,0.07322107023599302,0.024449631992514282,0.003861135566390096,0.0006181268640428116
122_5_2,0.01613719559174561,0.016848381053563972,0.05277213362399615,0.10656775917363927,0.17152206861698208,0.3085528294197441,0.1422096421528518,0.15336692859623344,0.02691605829934036,0.005107003471904058
122_15_1,0.026576130043744414,0.07377367713679889,0.15128349052029283,0.21089761864455345,0.2189947310984388,0.15956237559840653,0.07364745020444889,0.07318493758403433,0.00835152796180674,0.0037280612074756304
123_7_1,0.053723176978208304,0.12036644652208194,0.19861212233850778,0.23471242627469047,0.1915060221017915,0.11616890557417918,0.057738874164262065,0.02318624083010992,0.0032677799456905902,0.000718005270479212
124_1_1,0.007211422649699258,0.026497809596508708,0.10358502882717248,0.15140111644181192,0.23261576541307816,0.22802834950728956,0.11578562059562143,0.10967247705539494,0.020506745815918135,0.004695664097505932
124_7_1,0.03495182413018858,0.09471796629770626,0.21732671685933921,0.22382484250587165,0.22751605666280258,0.12338765596054331,0.05256749863180393,0.021407156866951483,0.0019348717806233176,0.002365410304169845
124_10_1,0.011206443457783547,0.019039052396588416,0.06596349374042064,0.11816483036572209,0.17842744843150793,0.2463415522635394,0.15635371890190655,0.16948881228886434,0.02789919788853114,0.007115450265136244
125_1_1,0.04675947814706458,0.10806859512841216,0.2138792226728078,0.23295387989148197,0.19180988104339716,0.11568604543011668,0.06018541306722207,0.027325243934558048,0.0027527266643061978,0.0005795140206334968
125_4_1,0.04917956156943449,0.10999493127885378,0.20750423760845463,0.23227534108638145,0.1933944058806953,0.11817082327378811,0.06001141337289041,0.025903990983197223,0.0028631468549147167,0.0007021480913903
127_7_2,0.04660570971288024,0.11759643287532233,0.19928997804620072,0.22108359921228377,0.19763706966679612,0.12474168850374477,0.06147047832192583,0.0270183036004674,0.0035560118491463556,0.0010007282112327275
127_12_1,0.05128703071722325,0.13555792236726485,0.2013334220999723,0.21652062151646678,0.18218619888157608,0.12284672051630546,0.05779560726645242,0.026530879265948205,0.004316495372805932,0.0016251019959848973
128_1_1,0.04637326835573344,0.10148454371160467,0.18092563191427716,0.21145601759282315,0.20673899858453612,0.15145674504890821,0.0735355139260299,0.023293310658394333,0.0038903853449924093,0.0008455848627014947
128_7_1,0.049401643284895165,0.12160490093837767,0.17707845432147032,0.21532521341174005,0.21015686188172217,0.1334895781247891,0.061938667854615735,0.025775687337560634,0.0040260115486192615,0.0012029812962102778
