psu_hh_idcode,subjective_poverty_1,subjective_poverty_2,subjective_poverty_3,subjective_poverty_4,subjective_poverty_5,subjective_poverty_6,subjective_poverty_7,subjective_poverty_8,subjective_poverty_9,subjective_poverty_10
1_7_1,0.0395964921789443,0.0838600964567098,0.1484467096594722,0.2430246438899334,0.2227180112907847,0.1514744215827422,0.0699519127507739,0.0352340240367741,0.0035452493243983,0.0021484388294665
1_8_1,0.0624106846075701,0.1443927793347197,0.1254060655288476,0.232593529087271,0.1650893582421508,0.1827795223795868,0.0439295897092497,0.0392434327626301,0.002303396270466,0.0018516420775079
1_10_1,0.0092665436004309,0.0200570132894242,0.0507619081526369,0.1227963512924813,0.2115090332053968,0.2394029255917098,0.1508276656361588,0.1695885799483202,0.0204817376854474,0.0053082415979932
2_3_1,0.0216668332469658,0.0653680938995605,0.1328147248033729,0.1925040069674914,0.2180659695865914,0.192125249871425,0.1333862507484011,0.0357374676234444,0.0075705816580967,0.0007608215946503
3_1_1,0.0549869648421508,0.1146528598804441,0.1724968475596616,0.1670830177850708,0.1817615975578247,0.1794760668731376,0.0712418305819199,0.0489997416680572,0.0080717357544728,0.00122933749726
5_4_1,0.0069959476939788,0.0268562198730719,0.0398280496576976,0.0935847826667499,0.16499453741357,0.2769343179364709,0.1673903566216956,0.201214920383238,0.017566555356368,0.0046343123971588
7_8_2,0.0065771374670725,0.0194842217058997,0.0323920344642865,0.0694127093283023,0.1719840727595733,0.2271665457091917,0.1779720325835006,0.2421517635696387,0.0501225984588364,0.0027368839536977
7_9_2,0.0474167988199011,0.1127684691082123,0.179422503586613,0.2175297772586197,0.211877383360883,0.1216574507275305,0.074916353199673,0.0276956210329188,0.0058446662580004,0.0008709766476478
9_1_1,0.0362967837475478,0.1186353699396563,0.2332824051803819,0.2064204610303183,0.2090957994374913,0.1210569038540938,0.0516171905528599,0.019120665034257,0.0021546422752568,0.0023197789481364
9_3_1,0.0308356967517063,0.0862520045095636,0.1836386187332336,0.1983258844475247,0.2379387839093693,0.1330914420002116,0.0972821250052052,0.0231165887487111,0.0085671222590606,0.0009517336354136
10_6_2,0.0459574364283263,0.1221802800993274,0.1780243853482445,0.2068701593754369,0.2133989182605791,0.1233465011857881,0.0741292335254903,0.0292592660117481,0.0059016637881566,0.0009321559769024
12_7_1,0.0446147616024125,0.1227622330393761,0.2652460815050046,0.1931227532985366,0.218636216080018,0.0857572882901132,0.0516907667265415,0.0123772203035169,0.0050142413755343,0.0007784377789459
13_3_2,0.0102044047637475,0.0397210245801125,0.125054933124419,0.2586271242450708,0.2896557580536427,0.0914017320503412,0.1028346321773645,0.071096464101471,0.0102703273145499,0.0011335995892805
15_4_1,0.0297051422343527,0.0951402970268194,0.1700845061239227,0.2003050685071844,0.2230898206587251,0.1598638505157492,0.0691719950265262,0.0458598731623134,0.0040270212236478,0.0027524255207587
15_8_1,0.0543283458243571,0.0614595181339416,0.1583819110358427,0.224048895524121,0.194246800109336,0.1482807013947935,0.1184700113381467,0.0326545153888195,0.0066310258334865,0.0014982754171549
15_9_2,0.0289408077688225,0.1103428754024701,0.1862854759789313,0.2050457769405748,0.2432174452758776,0.1254970164125829,0.0682550397279716,0.0273683036328389,0.00398238906289,0.00106486979704
15_11_2,0.1062562229207149,0.1413323870420483,0.2414925562344109,0.2247858622103077,0.1614861478075024,0.079145631073666,0.0357048618096072,0.0046371303392471,0.0038208918515769,0.0013383087109183
16_7_1,0.0150561373562119,0.0426173845075005,0.0985363277752129,0.1781821933493268,0.2329618731710336,0.2044557930598207,0.1373627148908599,0.0766068397311531,0.0119426101505839,0.0022781260082964
16_8_1,0.0486856929311244,0.1658815388041931,0.1385421281152276,0.2195408097750947,0.1532648547784493,0.1979801688609846,0.0477998646859057,0.0254224236411551,0.0016166851161817,0.0012658332916835
16_9_1,0.05131024930486,0.0886045434733696,0.1492630502616811,0.2027641442084438,0.2123990002219203,0.1778474754600416,0.074265719134944,0.0370517249899086,0.0051873493413917,0.001306743603439
17_3_1,0.0227931708497822,0.055128865341879,0.1217679626507976,0.227206939078516,0.2283658516887166,0.1843404582750036,0.1007555517015072,0.0518738598388782,0.0052703621205509,0.0024969784543681
17_6_1,0.0395382114503091,0.1062739789526974,0.1505527897061114,0.1978804473003808,0.2104298130365034,0.1467008646665717,0.0925050893559799,0.0464718710854682,0.0068524421177885,0.002794492328189
18_2_1,0.0479444258454056,0.1369902469315889,0.2170050742934302,0.2177323518371378,0.1940294134754651,0.1106084109888919,0.0471057328690545,0.0241520683504799,0.0025749708371417,0.0018573045714042
18_8_1,0.0297029955833839,0.0779626103158528,0.1862378153005956,0.2218569265986414,0.2486172858936244,0.1344543989974363,0.0716685261541716,0.0261850898693306,0.0021495996159182,0.0011647516710449
19_3_1,0.0409614851229809,0.1766279327906782,0.1796018186930498,0.1831137326771367,0.1800729059873739,0.1518970515652743,0.0566721140338889,0.026376601356041,0.0041277359547296,0.0005486218188463
20_3_1,0.0318275690728979,0.1079322735143429,0.2429962194901769,0.2444795283148436,0.2084911465928376,0.0948699839394157,0.0495682783156122,0.0160549250225889,0.0018999492501875,0.0018801264870965
21_1_2,0.0283898783772671,0.0984387046333647,0.1808663505892931,0.2139466429789648,0.2404584543596934,0.1321812406053698,0.0724206096654971,0.0282586889294332,0.0040445034281352,0.0009949264329811
21_2_1,0.0420298442853137,0.1246366071595791,0.2145948405673812,0.23763233902771,0.2084299231171661,0.1006759244089562,0.0507066058838433,0.0169988183127128,0.002422739862641,0.0018723573746963
21_5_1,0.0173372604648746,0.0266655034687862,0.0620610980412758,0.1373422397295622,0.1887967966064714,0.2179415460747293,0.1582845516681718,0.156416306789315,0.0305890800069078,0.0045656171499056
24_6_1,0.0523304191262367,0.1029019921311197,0.1955964490764627,0.2375374559021071,0.2052427812899673,0.1166242544820298,0.0617533770570604,0.023428741969947,0.0035841549116671,0.0010003740534018
24_7_1,0.0296426295808052,0.1711294351336283,0.3106619812752506,0.1963726173170147,0.1718746201278226,0.0726646018368054,0.0334759102778409,0.0114422212068544,0.001157214507105,0.0015787687368725
25_7_5,0.047035050521228,0.0839192413721851,0.1667356647049543,0.2554687208057004,0.1969258200789032,0.1375984243933461,0.0801439927430143,0.0237006630383246,0.0068867320089701,0.0015856903333735
26_1_2,0.0393985025504319,0.1055456108959532,0.2038877615668652,0.2056736324470287,0.2386244737607703,0.104746654109039,0.0722628134943629,0.0229289570554248,0.0063362079789591,0.0005953861411646
26_2_1,0.048805977788301,0.1265124890644236,0.2142301711938183,0.2247511802419082,0.192679191821221,0.1144214521799711,0.0490454432938753,0.0250582085470822,0.0027107765705925,0.0017851092988067
26_3_2,0.0440174627241243,0.1210255392551442,0.1575456609493422,0.1891648185148583,0.2402874103661533,0.1303007875562805,0.0740364478760717,0.0362157841157172,0.0063142547677417,0.0010918338745663
26_7_1,0.0512636644339065,0.0954764285285105,0.1833469505769701,0.2405701621580128,0.2103456632367162,0.1239464588378774,0.0651407714298132,0.0252118422424163,0.0036838297450298,0.0010142288107466
28_8_1,0.0457849312006802,0.0941786338609515,0.1697088547739323,0.2420856143011836,0.2136042029269854,0.1398838745726245,0.0592396696768182,0.0308112210160717,0.0028601897081598,0.0018428079625923
29_1_1,0.030034927209387,0.1144307116482262,0.1832437387178138,0.1957104205606423,0.2346379597656861,0.1117547890671715,0.0728471825129225,0.0527463140148479,0.0025529764889571,0.0020409800143451
29_2_1,0.0685815497486248,0.1311009415325665,0.1753063245205879,0.2231971698938054,0.1826434307169885,0.1258444607679602,0.0577564435342698,0.0300886546711174,0.0037700902667592,0.0017109343473198
30_1_1,0.066536696559964,0.1155862063951359,0.1745826690730809,0.2412189199442558,0.1803730444956167,0.1281868845875271,0.0604795493135861,0.0280317213935121,0.0034850366170833,0.0015192716202379
30_4_1,0.0448583400790663,0.0892925298381467,0.1648240744858584,0.2466673085013759,0.2174337163617667,0.1354481121138775,0.0644603390818996,0.0312564640143616,0.0036662371118618,0.0020928784117853
31_2_1,0.0601633955231262,0.1272466693036546,0.2030518042782585,0.2473536104302269,0.1646413592961337,0.1156837299949565,0.0562531760116398,0.0216378195157981,0.0026913975921587,0.0012770380540466
31_3_1,0.0377176707739017,0.1034130630975736,0.2130477129357352,0.2337308472601276,0.2313698319342987,0.1025605324237267,0.0518370006936193,0.0212958009790472,0.0026557963116914,0.0023717435902781
32_3_1,0.0248790999807463,0.0578317108501057,0.1298500841402615,0.1836780319722704,0.2252409481657922,0.18120997146822,0.107654246801286,0.0727559733906227,0.0125862764902325,0.0043136567404623
32_7_1,0.0470883946005833,0.1214958450112105,0.1896902881882696,0.210267004369866,0.2156749912138352,0.1361507178521259,0.0547481862472069,0.0202753180242051,0.0024419512427221,0.0021673032499748
32_9_1,0.0306890812275066,0.065350726709504,0.148666563691921,0.2048900100449148,0.2144042887671014,0.1757802248929145,0.111374643946358,0.0391716604439498,0.0080521685161579,0.0016206317596715
33_5_1,0.042688206543132,0.1059045998470244,0.1883937670939349,0.2214220559946488,0.1917827624661482,0.157535504856744,0.0619365333927362,0.0259067161322425,0.0025577033335159,0.0018721503398728
33_8_1,0.0765634704830632,0.1212620571987021,0.1726575511708007,0.2081537976840692,0.172000664128169,0.1488643784495261,0.0637142274289523,0.0303712806490498,0.0045534343052502,0.0018591385024168
36_1_1,0.0474822778446956,0.0886508070211916,0.1973583365386641,0.2195776764389442,0.2036097338370974,0.1721409875757845,0.0536914549620442,0.0136760326850004,0.0025337448705263,0.0012789482260512
36_6_1,0.0455287188169922,0.0736214088029597,0.2000758834512063,0.1944709065349364,0.1992869667169517,0.1880329487434108,0.0790117799820386,0.0162965721388677,0.002490997746989,0.0011838170656473
38_7_1,0.0299650653621162,0.0808478305477584,0.1770164823524568,0.2293482685873228,0.2167269842742385,0.1394862564186709,0.080402033032,0.0382825569129104,0.0054176719638242,0.0025068505487014
38_8_1,0.0297208171623643,0.1014709351541033,0.2245994565064507,0.2282999234933407,0.1960985386506987,0.1158874791240485,0.0691189672936765,0.0281877259363085,0.0044066031026588,0.0022095535763496
41_2_1,0.017824797901402,0.1125445535896334,0.1327408594635533,0.1775684970420895,0.2601977290967425,0.1785812982380142,0.0712583965209855,0.0436920670169453,0.0021836580653207,0.0034081430653132
41_9_1,0.0294604039199149,0.0588134938514639,0.1610767062766446,0.2499377817496212,0.2156948222180283,0.1416956895894703,0.1027681658038228,0.032921076212369,0.0064336257161049,0.0011982346625595
42_9_1,0.0645545711145739,0.1220931485136037,0.1560004908991072,0.2072999379333492,0.177815825793639,0.1703677266442831,0.0582557551878516,0.0368646539265203,0.0032935587711566,0.0034543312159151
43_2_1,0.0371891634185778,0.119748776327128,0.2359217197672561,0.2082190775169579,0.209563935254282,0.1130407140504221,0.0527893290939389,0.0184341424835729,0.0025545534216116,0.0025385886662523
43_6_1,0.0355525291486993,0.0763229352126581,0.1244400501025496,0.2012770870172417,0.1967638475263301,0.1986107563445256,0.1097941930711952,0.0475203634708711,0.0070737682816945,0.0026444698242344
44_3_1,0.014334616070594,0.0279159945165844,0.0890445987716103,0.1703381405707117,0.2329885275144993,0.1660498759240792,0.1525255247270113,0.1171526238765209,0.0270710690010284,0.0025790290273602
45_8_1,0.0772471671322604,0.0996987568402574,0.2156259836307687,0.2106541722462772,0.1852960502593042,0.1155120465545736,0.0670895074379147,0.0208816860314322,0.0074657693945205,0.0005288604726907
46_3_1,0.0571661729606703,0.0722370922055751,0.136242851456461,0.1984393058326054,0.1948834727512047,0.1672281203129741,0.1104735590691275,0.0463221864999808,0.0156635708517118,0.0013436680596889
46_7_1,0.0537300215920078,0.0976605823869241,0.2135992238528746,0.2246516528626732,0.1889984443250999,0.1370064640281634,0.0613081750629763,0.0185758475560851,0.0035637489783118,0.0009058393548834
47_10_1,0.0337832343918428,0.0783623441845473,0.1687578402323132,0.1968011752657737,0.2596645705158691,0.1343404395147513,0.0942391570681196,0.0226764404219332,0.0105208233989936,0.0008539750058555
48_4_1,0.0339138996902749,0.071125571809465,0.1707846130185339,0.2078161260307971,0.2033145278502778,0.1645769237649186,0.1006784962520873,0.0372873500356811,0.0092063898356229,0.0012961017123408
49_1_1,0.0872436340421843,0.1187667815684172,0.1920804744906661,0.2289829670762585,0.1730314342748408,0.108183748432192,0.059944577823871,0.0250105483947946,0.0060177991026918,0.0007380347940832
49_2_1,0.0266362337001029,0.0619391276955332,0.1072658065397073,0.1685011317164999,0.2309840405342516,0.2119198007854903,0.1204429190960952,0.0604353536943211,0.0097297332036066,0.0021458530343915
49_5_1,0.0221908482616005,0.0645751809870565,0.1383021231632817,0.2068710778823477,0.207231174152619,0.20517116575982,0.1040161805960523,0.0441005997141034,0.0049158363971933,0.0026258130859252
49_10_1,0.0681982810202819,0.0935804244929209,0.2014429589729403,0.2173968302443134,0.1917315067559389,0.12634065574282,0.0726636725799104,0.0214786237683269,0.0066452470869208,0.0005217993356262
50_5_1,0.0361469962975148,0.0718982260428542,0.1345105880041138,0.2124907890287718,0.1985180931493542,0.1696398283587596,0.1157954827870248,0.0517989284239312,0.0069785777035033,0.0022224902041718
51_5_1,0.0251182549485767,0.0473926547208159,0.1078615276712218,0.2487229128209278,0.2139765118552083,0.1512335360134766,0.1179307270647143,0.0749802912325648,0.010432209250934,0.0023513744215593
52_5_1,0.0492724319442238,0.0947724553970435,0.1723538346903958,0.2373215354849135,0.2187903534833948,0.1292742353314295,0.0668990810323779,0.0266132360483468,0.0036269048353949,0.0010759317524791
53_2_1,0.0823055540892688,0.1559683652284211,0.1971721094724668,0.190154028827938,0.1651992637467215,0.1238202518277053,0.0531946982119986,0.0258434181146027,0.004373450079297,0.00196886040158
53_4_1,0.026703080619007,0.0829673421283647,0.1692152899697116,0.2055358218503694,0.2075239636591128,0.1728355989151283,0.0900411690792722,0.0373158483468444,0.0050674470478149,0.0027944383843745
57_9_1,0.0434084083780872,0.1243209428935336,0.2192566396057605,0.2165985116522054,0.179151186537752,0.1369359159544108,0.0549605155314981,0.0213132143380011,0.0022981209771969,0.001756544131554
59_3_1,0.0277132631614204,0.0632725495841875,0.1404286458250516,0.204818101284841,0.2176664551347852,0.183114045500005,0.1149609317660163,0.039162951275067,0.0072528508007949,0.0016102056678306
59_4_1,0.0418414827892505,0.0943458940682213,0.159286345481787,0.220998129911031,0.1953420613253248,0.1454735679076719,0.0896018363383893,0.0434301151551657,0.0073362382921566,0.0023443287310017
59_7_1,0.0303096939634761,0.047591890424056,0.1051287780436217,0.1700581136760303,0.2247814248330455,0.2081854132757831,0.1391962600056791,0.061938009668476,0.0109044267093154,0.0019059894005163
60_3_1,0.0358198934014658,0.0685267860509494,0.1551062776131393,0.2002971654515136,0.2142723200850347,0.167300945025829,0.106310850953033,0.0409648042738691,0.0096763426712585,0.0017246144739072
60_6_1,0.0336784731306637,0.1124719244963418,0.1459684789775606,0.1841140582383161,0.1945964796489032,0.1872402562507551,0.0844223672847175,0.0452123050898135,0.0115782707983514,0.0007173860845766
62_1_1,0.0377732120478048,0.042061646710346,0.1270001545878935,0.225861638065938,0.1857984407319604,0.1451753507604483,0.1451118965944056,0.0624130444774172,0.0273711780764349,0.0014334379473507
62_5_2,0.0429800617598179,0.1105288523534964,0.2730973695348355,0.2029990706816405,0.1868625211253098,0.0844452878625188,0.0779049637303751,0.01192433324965,0.0090093621698806,0.0002481775324747
63_4_2,0.0314622731792096,0.0545976714122778,0.1250684286196213,0.2059455567904948,0.2272275651006031,0.1488700273934721,0.1399278109199395,0.0461921650083212,0.0201442768359335,0.0005642247401269
63_7_1,0.0831663412961277,0.0900940794029717,0.165673919356213,0.251083683074918,0.1811163954622082,0.124614383904439,0.069656009321881,0.0277752799839042,0.006126727852695,0.0006931803446418
64_1_1,0.0498344218415883,0.0629559236627533,0.1680005995390754,0.2452766910404737,0.1819732871795198,0.1619275834609147,0.0936535599820254,0.0268920703981253,0.0082488858038092,0.0012369770917148
64_8_1,0.0500223090612183,0.0729368115648446,0.1621978229395101,0.2312742932474099,0.2009137544476109,0.1668482859230801,0.0801859891861562,0.0294283700381324,0.005264062251689,0.0009283013403479
65_1_1,0.0539190994245919,0.1326575995711518,0.1388380176645637,0.2490164710905003,0.160010159134564,0.1789216829379717,0.0466073808105902,0.0363986510533249,0.0021393745754423,0.0014915637372988
65_2_5,0.0486410795578657,0.0770946000800471,0.3116417839261536,0.1755009628692641,0.1291109122847083,0.1659659940286401,0.0792803579711421,0.0097151626325804,0.0024967189233065,0.0005524277262918
66_4_1,0.0414287071474371,0.1031441206768365,0.1865058274435131,0.2626942313846014,0.2128975119876691,0.110760742447248,0.0513569560166135,0.0274064781681752,0.0022715698698411,0.0015338548580646
66_6_1,0.0187992059279093,0.0411591702161782,0.1618590857967086,0.2767293180189128,0.2360831447667949,0.1447100485940197,0.0870489109684895,0.0263055422171139,0.005843419918201,0.0014621535756717
66_7_1,0.0411096555835558,0.0891559653335611,0.149179635833172,0.2561439814690936,0.2373914577414941,0.1291172998104521,0.0574865336820469,0.035943535977743,0.0026578856917311,0.0018140488771497
68_1_1,0.0337597152428037,0.0990658196631952,0.2060599165842996,0.2208187200331329,0.2202510270337585,0.1326530861091884,0.0612268982950731,0.0211361399128008,0.0025339892729806,0.0024946878527668
68_3_1,0.0470005026446778,0.1145020713965609,0.1934115691262525,0.2126343651490165,0.1932173656939337,0.1494698869581206,0.0585213411582916,0.0263873122845577,0.0028338041134689,0.0020217814751194
68_5_1,0.040506260551911,0.1154473740286476,0.2111328245680525,0.2609133520771512,0.1993638679529411,0.0994189394282031,0.0470178691641029,0.0228105403949126,0.0019835975489392,0.0014053742851385
70_8_1,0.0109944450061484,0.0208829128606924,0.099346590576365,0.2053415716852496,0.2314251324995818,0.2208270590872173,0.1361616105607078,0.0590069518337129,0.0137701649446507,0.0022435609456737
71_3_1,0.0586541669866148,0.1037123157178641,0.2087161340036487,0.2198180979186466,0.186274001691897,0.1329674823594516,0.0616851280473986,0.0228290804438621,0.0043925473318545,0.0009510454987616
71_4_1,0.0903111292935221,0.1269661903772609,0.2222965868200433,0.2323975596767923,0.1583511200847613,0.0915145747394459,0.0530273828956219,0.0192138183807791,0.0052833230135449,0.0006383147182277
72_2_1,0.03533429737507,0.1759823789994451,0.1825316193350071,0.1843136830912246,0.1491900663214867,0.1331050280272471,0.0724929394852961,0.0599805095118752,0.0055363593877522,0.0015331184655955
72_7_1,0.0538660163792936,0.0911184072346512,0.1976595023626056,0.2314043138066727,0.1868403571894074,0.1433792802525962,0.0676693865485194,0.0230309816640631,0.0042082943679976,0.0008234601941927
73_5_1,0.0412767978356223,0.0998530622094559,0.1946676358887982,0.2938031850998569,0.2161986346486063,0.0838769614914626,0.0437731443189499,0.0233891118960567,0.0019047572852736,0.0012567093259173
75_4_1,0.05,0.05,0.55,0.05,0.05,0.05,0.05,0.05,0.05,0.05
76_1_1,0.0495262348996058,0.1075840111730253,0.1982884384222533,0.2370697317132649,0.2080208421070788,0.1080028963842213,0.064196953636261,0.021988234106069,0.0041740166887626,0.0011486408694575
76_4_1,0.0538229525048555,0.1154435478344694,0.2158751165340538,0.2316426072509969,0.1963830897576811,0.1052878304374739,0.0564232269380554,0.0207340191629296,0.0034137241066968,0.0009738854727874
76_7_1,0.058777883951774,0.1610516232891226,0.132648402365054,0.220133551180065,0.1797985804155115,0.1552453273400819,0.0539700550608329,0.0337282297677203,0.0038236926921272,0.0008226539377102
77_1_1,0.0617571711874661,0.1133590181918527,0.2118919065404829,0.1882754386215991,0.2094628055354717,0.1077159594383657,0.0756342205682215,0.0269338425337258,0.0029820127944813,0.001987624588333
78_1_1,0.0304854033901279,0.1639832716697999,0.3027130600456458,0.2086606389108008,0.1610647745959096,0.0807144263359034,0.0339516666219067,0.0147693278719855,0.0010058381112758,0.0026515924466443
78_8_1,0.0103495609295509,0.0155090537688206,0.0453466826589446,0.1237589148799934,0.2125567602298204,0.2276365282151858,0.1782625265869045,0.1548954486196634,0.0288292681061472,0.0028552560049687
80_4_1,0.0349775506418332,0.1007703819746699,0.1759379275418053,0.245409819460486,0.2061386071432272,0.1451494635112992,0.0609523700368276,0.0269977469742122,0.0020174945969051,0.0016486381187338
80_7_1,0.0468211668856972,0.118804736109959,0.1854540618005535,0.2184537777185752,0.2072018481984991,0.1321533267839784,0.0542496383225424,0.0317889179648222,0.0030368929641746,0.002035633251198
81_6_1,0.0685815461723966,0.1311009714469311,0.1753063186635512,0.2231971991451654,0.182643543517894,0.125844490609769,0.0577562967698046,0.0300886114127729,0.0037700897485485,0.0017109325131661
81_7_1,0.040795891725467,0.1034024147126981,0.173772955210779,0.231982445198753,0.2075535060724086,0.1458568110559358,0.0599980762847637,0.0321049616925274,0.0026835128242573,0.0018494252224097
83_4_1,0.0720459303327348,0.1182047859434678,0.2334247885818813,0.216872143188842,0.1895444390550125,0.0886998518165807,0.0556081220112257,0.0189869691880099,0.006127579774504,0.0004853901077412
83_8_1,0.0421173435731118,0.0939469604175558,0.1616841659553013,0.238365091074996,0.219174020296155,0.1405576657853205,0.0653406189282353,0.0330351489645976,0.0035901417463306,0.0021888432583957
84_3_1,0.0240539121602709,0.0740882033889602,0.1462296782163154,0.2172040357272998,0.2247145756089469,0.1673518407705179,0.0908892387507825,0.0476254006624193,0.0051636290576072,0.0026794856568795
84_4_1,0.035011164439974,0.0968504576412734,0.1821567330607804,0.2527298483548491,0.1987734373564997,0.1437891683190841,0.0612839726475362,0.025893842050597,0.0019926952294299,0.0015186808999757
84_8_1,0.0283879116217078,0.0790536862311843,0.1937509548266179,0.2256665111425022,0.2424230967623596,0.1322258786829225,0.0711370438281296,0.0242979128961737,0.001962446095926,0.0010945579124759
85_2_1,0.0528133966943602,0.0675387864674865,0.1810841495636826,0.2330457408999329,0.2075300142846703,0.1756815079769923,0.06457615718766,0.0132790025322225,0.0038827698003009,0.0005684745926914
85_4_1,0.0895915450481662,0.1350050260540932,0.2035134990157413,0.1996220587539611,0.1599879586467714,0.1206897058389754,0.0612185382544246,0.023223717899964,0.006311210296734,0.0008367401911684
87_1_1,0.0689574643289811,0.114055897631928,0.1739124380388847,0.2443693210587728,0.183392496589001,0.1242079882421072,0.0593397761627502,0.0267897984352971,0.0034465291031383,0.0015282904091392
88_3_1,0.0376137485701633,0.1420856480385536,0.2578510066074274,0.2073744681781288,0.2063491302139646,0.0881278798884062,0.0396571419674706,0.0170940766557217,0.0018105951111616,0.0020363047690021
88_4_1,0.0291773861444861,0.0768724676980346,0.1523987180688617,0.2157035781526897,0.2289674100352533,0.1547621958978418,0.0853576531388917,0.0477307307447607,0.0061535860301183,0.0028762740890616
89_6_1,0.0709642235249898,0.1280290386188708,0.1920512457510013,0.238439325803643,0.1755749681222029,0.1121976287715778,0.0542485440788129,0.0237218688004099,0.0032844939621558,0.0014886625663354
90_2_1,0.0379440385146882,0.1659021311670506,0.1693562623939625,0.2114505744056433,0.1957655065045538,0.1387692105406271,0.0465514592805429,0.0304567983359695,0.0029318558988903,0.000872162958071
90_5_1,0.1354914166293468,0.1378141087141813,0.1558134573796121,0.2239921065575554,0.1788935179782383,0.0869280723735182,0.0601609121517279,0.0108232359584863,0.0095723307202208,0.0005108415371125
90_6_1,0.05804866710571,0.1636766226807829,0.1958212879632455,0.2163575505855846,0.1704214567056721,0.1184204762909907,0.0447543608380545,0.027363493670888,0.0022859362813835,0.0028501478776878
91_3_1,0.0608019649464412,0.1079376816848137,0.194365636384407,0.2288461576892625,0.2128968049687946,0.1085059504711142,0.0576251329965091,0.0237897562148034,0.0041111382658516,0.0011197763780021
91_4_1,0.0491322893703466,0.1022165419684506,0.1865665529407262,0.2369309674595297,0.2115907866228168,0.1215145552573638,0.0636029049452483,0.0240287551150923,0.0033851742611584,0.0010314720592667
92_1_1,0.0418692172994015,0.1367450676133266,0.2569191357243656,0.2354570021072425,0.1694602168436196,0.0963882336847652,0.0436888750232081,0.0163424477478557,0.0017779343669263,0.0013518695892885
92_5_1,0.0375509356981268,0.1078798036629122,0.201510284832155,0.2512227970150998,0.1945742287778807,0.1265616866094436,0.0552792785967004,0.0220359396267117,0.0018885913176546,0.0014964538633149
93_6_1,0.1516071796725874,0.2248963288606772,0.1130015707617536,0.2017312345093977,0.1191153286375467,0.1256259061065625,0.0369805308110501,0.0208832284330069,0.0046606890307472,0.0014980031766704
95_2_1,0.0192193551389271,0.1188625471258211,0.1665699358664601,0.2060054904960388,0.239287261045938,0.1375106537154584,0.0760246900610215,0.0307224748296193,0.0027913731290274,0.0030062185916878
96_1_1,0.1047313745929631,0.1452851491070902,0.1425482680965549,0.2329516296520681,0.1650748212611726,0.1243494455949889,0.0595614430456927,0.0187215537082533,0.0051576929036073,0.0016186220376083
96_10_1,0.0452054865610465,0.1024972213815223,0.1727814974919523,0.2357183703687861,0.2161951654319571,0.1359101237895779,0.0571862195106109,0.0298481072983914,0.002730718390318,0.0019270897758372
97_1_1,0.05,0.55,0.05,0.05,0.05,0.05,0.05,0.05,0.05,0.05
97_2_1,0.05,0.55,0.05,0.05,0.05,0.05,0.05,0.05,0.05,0.05
97_3_1,0.05,0.55,0.05,0.05,0.05,0.05,0.05,0.05,0.05,0.05
97_7_1,0.05,0.55,0.05,0.05,0.05,0.05,0.05,0.05,0.05,0.05
97_8_1,0.05,0.55,0.05,0.05,0.05,0.05,0.05,0.05,0.05,0.05
99_1_1,0.0467107452118009,0.1226114814687599,0.2189408024436104,0.234735893678924,0.1906943002383785,0.111312608448314,0.0488067301630839,0.0221751354853294,0.0023674520535848,0.0016448508082135
100_2_1,0.0752995674091197,0.087855360530327,0.1205491826491375,0.2272610880233493,0.2221679457393671,0.1493299899467274,0.0881724251874573,0.0228666382055117,0.0053147176810289,0.0011830846279737
100_7_1,0.0447613362152606,0.0686596283604734,0.1784744951943443,0.259351948997278,0.2148493227445032,0.1603853244844317,0.0550490128441075,0.0150074374881305,0.0024213705961035,0.0010401230753669
101_5_1,0.0601523935171331,0.1097031824686846,0.2140152186354013,0.2347679176941486,0.1985699027902818,0.1017919650400542,0.0554127090435217,0.0208069654340885,0.0037928190190714,0.0009869263576145
102_7_1,0.0799879948894442,0.1207358962180679,0.2093652497945683,0.2176024771576194,0.1525710380439086,0.1265527767628213,0.0656967884964133,0.0213640301839225,0.0054262471677983,0.0006975012854357
102_8_1,0.0911211211216513,0.0764342702105158,0.1702356302015633,0.2195760725826135,0.1553832772927662,0.1441591612132552,0.1004986903890852,0.0289855198565757,0.0124858841806968,0.0011203729512767
103_7_1,0.0224953152016734,0.0464422383550108,0.1166272499672776,0.1956652711339335,0.2222858304578065,0.2017593880516208,0.1379769820074477,0.0460657101772243,0.0088617807056626,0.0018202339423423
103_8_1,0.0645935231876405,0.1412337946174225,0.1939419801463414,0.2212199176543348,0.1985309391659238,0.1023579024144836,0.0542679186258193,0.0188867769961235,0.0040452016745004,0.0009220455174096
104_2_1,0.0393736866465743,0.1176111158475763,0.192992744025536,0.2330666271881209,0.20297192700912,0.1297881835772435,0.0546686736309748,0.0255902129879252,0.0021781771371121,0.0017586519498165
104_4_1,0.0395097712195743,0.1056923769122682,0.1675252471478869,0.2275425360728445,0.2136360154812473,0.1483687516345675,0.0602758104788546,0.0328880871461474,0.0026115062048191,0.0019498977017895
104_7_1,0.0798756196561579,0.2289177630673884,0.2392672246639148,0.1752201607178073,0.1756183318176832,0.0574810408419698,0.0307097860719606,0.0078291240444867,0.0028076133631605,0.0022733357554703
105_1_1,0.0371876969122445,0.1675436407442568,0.2995905952926657,0.1933355468623013,0.1824153308556771,0.0709279106553815,0.0327209504287659,0.0129220348097819,0.0015367838932817,0.0018195095456434
106_10_1,0.0186668414980397,0.0825152811315353,0.1033041605128158,0.1323959010495522,0.2236890824070286,0.2321415185190699,0.1258523552962476,0.071124111823411,0.0078313439327593,0.0024794038295402
107_5_2,0.0332863516137485,0.1043170846168415,0.1941717384273861,0.1910008610309751,0.2291438723666668,0.1351457447344678,0.0845420752952616,0.0221788440110879,0.0055774941716121,0.0006359337319521
107_7_1,0.0729500816900456,0.1167582126074857,0.158083145550307,0.2062866857430962,0.180583680638862,0.1590136196022787,0.0668141949223744,0.0329979077197336,0.0045303156448739,0.0019821558809423
107_8_2,0.0204653149145165,0.063990379256396,0.1570087869780569,0.1827938907559576,0.2382852173317024,0.1580370224778611,0.1321070292513287,0.0345079527364873,0.0119554055929759,0.0008490007047173
108_7_1,0.0309779420149876,0.0874642969137625,0.1901223737460957,0.2289645716313846,0.2236556719411824,0.1450377903375846,0.0666615341754032,0.0222997971040219,0.0024216351410588,0.0023943869945182
108_10_2,0.0138465858288917,0.0701688780356531,0.1522981956554843,0.1803364644259817,0.2284639745585779,0.1857803536090075,0.1224348759721376,0.0384765345976489,0.0067964941556053,0.0013976431610116
109_8_1,0.0452360015537141,0.0996627122368276,0.1677508237283074,0.2088750850060841,0.2355392874176355,0.1427447350416882,0.0690193574223584,0.0244582606671939,0.0052332351976265,0.0014805017285636
110_1_1,0.0356000031408238,0.1201989622472387,0.2298136276817594,0.1963016744259605,0.2381372297234945,0.1087698892430615,0.0517049972956914,0.0152115919419226,0.0028458348585322,0.0014161894415149
110_5_2,0.0075331492605334,0.0247805790067122,0.072900727679822,0.1211686667801715,0.2390620486746255,0.1918843221172426,0.1963952037803668,0.1104255082425312,0.0343781116246047,0.0014716828333897
110_8_1,0.0278042953878919,0.0538394448773472,0.110757679374884,0.1934538187877171,0.2260272088095465,0.2130335990294448,0.1056530937480774,0.0587553026801143,0.0074337766660929,0.0032417806388835
112_11_1,0.04332889830386,0.1220325222561923,0.2048342023432045,0.2301532721376472,0.1968936252233581,0.1218094765487259,0.0518586287695926,0.0249623180629127,0.0023801324739353,0.0017469238805711
112_12_1,0.0226322903305263,0.0613196035278685,0.1060874874169681,0.1850359798036153,0.2513043401701493,0.2128298345602408,0.1043361751194402,0.0474891510046475,0.0054662440302065,0.0034988940363372
113_5_1,0.0251764345950747,0.0808968150595221,0.1419071361769129,0.1793698331131847,0.2476426087497258,0.1779003184538192,0.0972580284179249,0.0398392256101666,0.0080087606365507,0.0020008391871179
113_7_1,0.0117469042246971,0.0304440867454716,0.0704085324203478,0.1281432363275277,0.2161918335516937,0.2256177491095428,0.1350288836678184,0.1574325118843171,0.019501386244458,0.0054848758241253
115_7_1,0.0168336505391176,0.0341579763850499,0.0843870763567555,0.1325482963300465,0.2268246921369458,0.1919124686602028,0.1449698285659734,0.1336894495207302,0.0312808922785838,0.003395669226594
115_11_1,0.0376931982206252,0.1068971159345769,0.1618205603362916,0.1865901131457001,0.2118944780771894,0.1528535329563573,0.09827387775396,0.0324273563395914,0.0098637831971984,0.0016859840385092
115_12_1,0.0234837180974291,0.0621936814489174,0.1283049274559654,0.2000537269937473,0.2137688520990368,0.20971799717746,0.1047750502345291,0.0492431443695185,0.0055990676296834,0.0028598344937126
116_3_1,0.0259158615441067,0.0953381624418884,0.1728987921038784,0.1896198824094297,0.2046376175946108,0.1747589602170134,0.0878015394905334,0.0406793838198714,0.0053122245040142,0.0030375758746532
116_8_1,0.0121307396742277,0.0376549940815732,0.0477170147979278,0.1166486692271325,0.1761750146023388,0.2610476993219837,0.135672390555658,0.1849712243800213,0.0259817422157922,0.0020005111433443
117_1_1,0.0320867191739732,0.0634187150224353,0.1248035377020702,0.1841126320630588,0.2286720209704107,0.1895084174474691,0.1139003678680575,0.0513271007423645,0.010171338545752,0.0019991504644082
118_12_2,0.00901218546532,0.026878933518785,0.0754120789480102,0.116401067030399,0.2294958155416481,0.2133603702844632,0.2217064986619697,0.092610242726633,0.0132643188353991,0.0018584889873722
119_3_2,0.0287031214439997,0.1005460745977801,0.155029827227073,0.1759792338330892,0.2426815767065792,0.1726559222050259,0.082044554002915,0.0358531833336347,0.0051547017512669,0.0013518048986358
119_10_1,0.0177189466238288,0.0431080552162568,0.1055044445320693,0.1825918986212922,0.2247892948732362,0.2012544105661239,0.1226012597681351,0.0865197434458637,0.0117553041287655,0.0041566422244282
119_12_2,0.0336960083114979,0.0977044215231618,0.1745921627632675,0.1843991878520943,0.2368067124653578,0.1484189737504873,0.0899519853421871,0.0271792960174242,0.0065544531663449,0.000696798808177
120_2_1,0.0396478563270614,0.1078557377978433,0.1796181925477636,0.2145001828721502,0.1947197114492974,0.1670744339711135,0.0639714419711096,0.0281230754356518,0.0025256791438557,0.0019636884841532
120_3_1,0.0424892811516279,0.1063425877226066,0.1702393962984974,0.208665386854157,0.2015783782040924,0.1701445879643506,0.0642957703066977,0.0312083445012264,0.0028853049246387,0.0021509620721047
120_7_1,0.0394842934685201,0.1357294582084077,0.1889976985559808,0.198778357275916,0.2126711223021596,0.1435047461528373,0.0555725540833335,0.0209168987212113,0.0021276539676122,0.0022172172640209
120_10_1,0.0345645694486454,0.0995051372943643,0.1844963970072526,0.1954564334709371,0.2340854796814247,0.152921268997625,0.0652781303208495,0.0283291832742156,0.0025945066735158,0.0027688938311696
121_11_1,0.0755022582273469,0.0950858965582433,0.1932585175494464,0.208278884998453,0.1984698716665857,0.1257995586566302,0.0713435404392419,0.0238424059090879,0.0078337434774056,0.0005853225175587
122_5_2,0.0067832627547478,0.0192018744597025,0.0409560515295314,0.1017568637045029,0.2016813397939495,0.2309879190444713,0.2033404712439662,0.160313524786795,0.0326739297509891,0.0023047629313437
122_15_1,0.0220651580277066,0.0403451017665969,0.1347035813398541,0.1965175290006064,0.2509784596195289,0.1624413195529649,0.1202257144674932,0.0558364764297734,0.014813197017456,0.0020734627780192
123_7_1,0.0496694053298519,0.1926364898640354,0.2144213659756891,0.2102572179796542,0.1656119571307234,0.1045239307321184,0.0398165936992043,0.0192220832728004,0.0034255472496376,0.0004154087662851
124_1_1,0.0098541594932841,0.0189202019916061,0.0569816810713639,0.1425732167341874,0.2056760762553942,0.2455615617099764,0.1530039004716347,0.1469521184839808,0.0163485624494704,0.0041285213391016
124_7_1,0.0297355854928488,0.1236538998703992,0.2417785962570924,0.2041566021761221,0.2264044369442069,0.1081181652693735,0.0506200584664584,0.0124473035548766,0.0019156423964087,0.0011697095722128
124_10_1,0.0179263926400644,0.0309952541974825,0.0647380570841253,0.1336279777277158,0.1908844168237211,0.222420532405366,0.1492089383573633,0.1590802578169386,0.0265606982472423,0.0045574746999801
125_1_1,0.046444924664757,0.1079221191843509,0.1935905679550375,0.2394103397324372,0.2026948063472871,0.1253212482219735,0.0540024780939521,0.0262515883654822,0.0026134040592845,0.0017485233754376
125_4_1,0.0392578970744742,0.1201642638915579,0.2052712138619747,0.2272297908081749,0.2203294556150271,0.1117256667265865,0.0534901088141227,0.0187437587600464,0.0028039077887659,0.0009839366592693
127_7_2,0.0261474947691166,0.1407619622092085,0.2313680090299157,0.1774676755158537,0.2183884646918127,0.1209550987389584,0.0612190247452397,0.0196261956979183,0.0030343530085448,0.0010317215934309
127_12_1,0.0545422287474012,0.1795263774122821,0.1352516381884796,0.1608167280338361,0.1327038504893795,0.2258398786311326,0.047066696338166,0.0584279120788301,0.0036994724069085,0.002125217673584
128_1_1,0.0556399114008744,0.1034151071142268,0.1705772305349002,0.1815560616978085,0.1724860791173114,0.1735365058447538,0.1047573200635603,0.0333106485761671,0.0030737496284983,0.0016473860218991
128_7_1,0.0589996134742814,0.125848658984867,0.1909182684805799,0.1890018169568387,0.2031508593730898,0.1357642866146615,0.0628955768623709,0.027249251549255,0.0047521488509296,0.0014195188531259
129_7_1,0.0342975287329043,0.0854782738088492,0.1786841018531697,0.1867242110190117,0.2469504520299362,0.158318145048504,0.0754259255275155,0.0297110836750926,0.0028561447293255,0.0015541335756908
131_9_2,0.0278913788348791,0.0696245590733945,0.1357131150990251,0.176800286849357,0.2123115381485211,0.1723164851288589,0.1451485325429298,0.0417843369721974,0.017759084669733,0.0006506826811038
133_4_2,0.0384265639239611,0.1118722288425842,0.206407976534743,0.1815672233417356,0.2202846650328544,0.1313689268346253,0.0770335992696316,0.0248986584382618,0.0075778695681557,0.0005622882134471
133_5_2,0.0369648255867667,0.1303889658117309,0.2451991180501406,0.1800208447624734,0.2004221289296475,0.1129851324007679,0.068144443591708,0.0191684175130056,0.0062120621508624,0.0004940612028967
133_9_2,0.0351464844107795,0.0950370546405694,0.2076762990545074,0.195038610325464,0.2135408327300772,0.1301447756342081,0.0953830301884838,0.0198187980165937,0.0079495044233807,0.0002646105759359
133_10_2,0.0460417346072148,0.1226850449260489,0.1670932842385218,0.1786165007788399,0.2019484256595752,0.1595405854385129,0.0805041480226398,0.0349009162508459,0.0077369919074009,0.0009323681703994
134_2_1,0.0292485028395484,0.0743087579758537,0.1786017202496002,0.2228686410256567,0.2515365066214115,0.1390312300628612,0.0737756891087375,0.0272795504677469,0.0021785892191374,0.0011708124294461
134_3_2,0.0576488961251816,0.1159615997551302,0.1955178825193729,0.1913877938144016,0.1922646252075129,0.1281001047430093,0.0846526975814886,0.0241433818018676,0.0098691287454902,0.0004538897065446
134_6_2,0.054691626609913,0.1273630944770615,0.198989893902173,0.1831828290186409,0.1905931338083425,0.1279113680498491,0.0829396902294687,0.0243706441248699,0.0094878445007944,0.0004698752788865
135_6_2,0.0609421534309018,0.1091680752645342,0.1780236695217272,0.1873599538730709,0.2017284423438577,0.1351321956220567,0.087737361968027,0.0279609759270599,0.0114465294618133,0.0005006425869511
135_7_2,0.0243703471474805,0.0456927677478269,0.1272573393030537,0.1366854731031488,0.2068532572951659,0.2795623340817282,0.1543910274798667,0.0142160776913319,0.010264530960424,0.0007068451899729
136_2_1,0.0679682764172076,0.0812165424167012,0.2223836007103726,0.2257138824145451,0.1899930225429481,0.1428887260978231,0.0533912195849606,0.0114820638191597,0.0044132283225424,0.0005494376737392
136_3_3,0.0345745806346761,0.065752295378803,0.1577359061945927,0.2377136606252511,0.2252122599200599,0.1577497419693567,0.0834774441933727,0.0334443738206173,0.0030736757273895,0.0012660615358807
140_7_1,0.0574755149392706,0.0952306967862016,0.1620060228854754,0.2046093177204664,0.214168725388028,0.1562675029041072,0.0727471357140561,0.0310912140760421,0.0050345598642926,0.0013693097220598
141_1_1,0.1459814229681069,0.1118538832038838,0.0792585439156813,0.2112592736861815,0.1662391719583933,0.16858979049367,0.0670476341595992,0.038436790881238,0.0080611074388144,0.0032723812944314
141_3_2,0.0389381968080699,0.0990256924478974,0.1806459328672064,0.1811160005575487,0.2330632238681395,0.1450021917518234,0.0833643722030857,0.0296386249406691,0.0085977473754038,0.0006080171801559
143_6_1,0.1281472287394887,0.1195468136296419,0.1003823248162398,0.1941383679919215,0.2071714844811771,0.1238628161150459,0.0803194677374594,0.0287724130244163,0.0166317787185851,0.001027304746024
