psu_hh_idcode,subjective_poverty_1,subjective_poverty_2,subjective_poverty_3,subjective_poverty_4,subjective_poverty_5,subjective_poverty_6,subjective_poverty_7,subjective_poverty_8,subjective_poverty_9,subjective_poverty_10
1_7_1,0.02701480700046592,0.04709117187013931,0.1588551983100779,0.30476037052166816,0.2907347492767512,0.12294525272843668,0.030587283564326242,0.011979316103648137,0.004732388185231387,0.0012994624392549067
1_8_1,0.06785820469306104,0.0780869814289533,0.28589871709255726,0.2837414301833223,0.1142549986737604,0.10253959144652834,0.03507026830122411,0.020521638187138404,0.007656904944816627,0.004371265048638584
1_10_1,0.029276632887368242,0.05830338295373666,0.17231507783680522,0.30956429697529514,0.26913860448188276,0.1153181328280564,0.02670159616462647,0.0132015616880817,0.004850377824707623,0.00133033635943956
2_3_1,0.08713371789769818,0.0920933171294988,0.34877864423863303,0.2752187828129381,0.08618029749041711,0.06636547653710462,0.02283019209753196,0.0128343427634956,0.0051634818630205605,0.00340174716966195
3_1_1,0.023472854354525202,0.12771678308411794,0.1012845026034412,0.42272214766436933,0.1559009727454107,0.11138764435547004,0.026035995252684706,0.021858319789573893,0.007590336998366728,0.002030443152040255
5_4_1,0.03571773170262525,0.12324948182984072,0.1795503627845629,0.3198664787398734,0.1672984524303741,0.1096205759086953,0.025782036177446354,0.02853396481023424,0.008006789048424567,0.002374126567923249
7_8_2,0.021053907605064443,0.08300079718890054,0.20952673327823002,0.3144299349139378,0.23190773802089562,0.09910370246038198,0.023964484201327865,0.012540140080737268,0.0027905437255859797,0.0016820185249387404
7_9_2,0.021053907605064443,0.08300079718890054,0.20952673327823002,0.3144299349139378,0.23190773802089562,0.09910370246038198,0.023964484201327865,0.012540140080737268,0.0027905437255859797,0.0016820185249387404
9_1_1,0.03917110287489998,0.25306404083034667,0.1510239847445487,0.39660757044296135,0.09715063271195284,0.037824893066367306,0.01081839117787635,0.009552873186914572,0.0035146344916499365,0.0012718764724829659
9_3_1,0.040549095014673464,0.09999770807143975,0.33499241982450073,0.29489588075454903,0.12012082131106312,0.07256952389362653,0.019587423728316206,0.010668403273079857,0.0039098095547423625,0.0027089145740092336
10_6_2,0.02537022535751274,0.0952594441685192,0.23400423068339535,0.3191962837536387,0.20812677229503654,0.08317721647920055,0.020317940587111095,0.010632102369991282,0.0023735027747076158,0.0015422815308870255
12_7_1,0.03969436177617996,0.2145453924922187,0.34986293902512905,0.2532561047587089,0.10403089737183835,0.02393898181782675,0.0077551066175729775,0.004203087964629669,0.0018799915035073139,0.0008331366723882166
13_3_2,0.007375354195414616,0.0313543653420049,0.0869196357366926,0.23226332503921998,0.34935602648160974,0.2042742757789267,0.055145465660854716,0.02507176361988469,0.005840355172069781,0.002399432973322054
15_4_1,0.13988197590459586,0.4101503889240256,0.17983817905919108,0.2186924894081779,0.033089895288894944,0.010489387372877069,0.0033560045371961423,0.0025967910861535693,0.001136419105722011,0.0007684693131656089
15_8_1,0.101272434058782,0.28730881199276737,0.2260926477060954,0.29700221459336035,0.05591842080855867,0.02010231791131971,0.005818994742617793,0.004103165782663274,0.0012930107385325826,0.00108798166530292
15_9_2,0.05326724579255312,0.14588247913594427,0.3195912656933554,0.306252519682703,0.12086843108106654,0.035866700639260896,0.010741818830213072,0.005136021459123734,0.0012684541338505854,0.0011250635519295881
15_11_2,0.12568214411840062,0.16127290216580245,0.30394416776981664,0.32158058414601015,0.05591552548812655,0.018713670275152933,0.007124065554624516,0.0024394939819843415,0.002490179598015946,0.0008372669020657555
16_7_1,0.009395069608809519,0.02562612507390178,0.09053736533318948,0.25271497644776586,0.2651946610475116,0.2685249960257944,0.04900357201720018,0.027676685000581812,0.00992417257180709,0.0014023768734385438
16_8_1,0.04363148025645712,0.10037574884416085,0.14242251437192288,0.36081626741760936,0.1319765767068584,0.16107483424048258,0.028010991721481502,0.02049028361851752,0.009298200481326858,0.0019031023411834075
16_9_1,0.039572083143124895,0.05296210819837255,0.17724103853790782,0.27264398478713,0.1626438239576691,0.1654016711434777,0.06908435463382785,0.04130588520148361,0.013078519641971788,0.00606653075503454
17_3_1,0.051207863301153775,0.21420233535023034,0.10511643566334344,0.40535201799718623,0.1084125878719889,0.07203079012568811,0.01815037561123703,0.017252466012973693,0.006001463028487566,0.0022736650377109917
17_6_1,0.05306471898731002,0.21816057894647883,0.10724807429089397,0.39861572949320023,0.10655441110006761,0.07202372594952007,0.01838130858651051,0.017486883223444168,0.0061184202562687305,0.00234614916630598
18_2_1,0.027941451349370382,0.039808691206559214,0.12840644598433573,0.2416834877256378,0.18114896861151875,0.1936801365066536,0.101392347131211,0.061613618550097934,0.01730646660637259,0.007018386328242461
18_8_1,0.009147876806406477,0.02061869120105071,0.08480713889625842,0.25496501975271835,0.3542597251062242,0.14007994115931474,0.07759832182091202,0.04534977966858213,0.010073627067916879,0.0030998785206156746
19_3_1,0.03479952152931657,0.1711775199534173,0.27349107350682705,0.31688342951096404,0.13313156791601427,0.046909981677684745,0.014350091133281112,0.005851986330384268,0.002746577576530328,0.0006582508655803904
20_3_1,0.11587683085744577,0.12397881806261489,0.4201505822803164,0.22252173987537865,0.05746188136958194,0.030190882913774413,0.014617975216005268,0.007827976490889732,0.004123542308615,0.0032497706253781407
21_1_2,0.09089964204745225,0.18011467907906425,0.35589334492178826,0.26805888838395336,0.0752014233523277,0.017937615553571953,0.006992838046396846,0.0030247748263868696,0.0009168870148721997,0.0009599067741866186
21_2_1,0.21536154424679868,0.37519503074427507,0.18986880938799336,0.18153500984037702,0.02526245981009048,0.0070062323103281445,0.0027987395996932046,0.0015812379073603027,0.0007686706684557426,0.0006222654846285333
21_5_1,0.15771289541310476,0.2644740651285942,0.33307145246651565,0.1853785096996437,0.038667127180952325,0.011588454056343407,0.00415667878411329,0.002868314432509038,0.0013454393957949954,0.000737063442428131
24_6_1,0.09431712593111878,0.09718284685578667,0.3695347423178421,0.2704686378865937,0.07665671097754595,0.054423415676294995,0.01924706133476944,0.010630202372887528,0.004436283395454016,0.003102973251706302
24_7_1,0.04911610598062938,0.13843070583213718,0.24458781903773463,0.2918331462977418,0.20336967166617212,0.0497742192552777,0.013005030236626249,0.006192016081664478,0.0025234355232354646,0.0011678500887807165
25_7_5,0.03179571785703217,0.07991007695788584,0.3038230237259697,0.2480427184979422,0.15072448980671155,0.09854397597184479,0.05620173349115786,0.017670183914573936,0.009088730219912458,0.004199349556968943
26_1_2,0.007375354195414616,0.0313543653420049,0.0869196357366926,0.23226332503921998,0.34935602648160974,0.2042742757789267,0.055145465660854716,0.02507176361988469,0.005840355172069781,0.002399432973322054
26_2_1,0.012528537223140254,0.024006291262149215,0.09227443889181426,0.23332855647588052,0.3193099621569757,0.22755375609957523,0.053930273767641826,0.026794018424249444,0.008606494146407876,0.0016676715521655864
26_3_2,0.01642139556358669,0.050756999868163996,0.15838445801532752,0.28628050073844247,0.2144686765315693,0.16630308161059082,0.0586598842850173,0.033983087126311755,0.00992271073439736,0.0048192055265928145
26_7_1,0.014075045351829001,0.08294825908984298,0.06702322616416641,0.36779199169972715,0.18977959802153332,0.18835560636325333,0.04359352401618582,0.03299487484307718,0.01091802751956981,0.002519846930814523
28_8_1,0.053691587072738155,0.15052153977999236,0.2624176853369357,0.32967992447166655,0.12180998955327799,0.05666256600419898,0.010826602143590706,0.009948258554619461,0.00354645618999767,0.0008953908929821799
29_1_1,0.12880042737614206,0.12337192780206425,0.43969393050532724,0.23284036286204848,0.0406153204426075,0.017460430435479894,0.008125996891163802,0.004440793560832492,0.0024724887080155,0.002178321416318873
29_2_1,0.09908994466607124,0.2887903530196546,0.24017481569320245,0.30581811772038153,0.044650927585915275,0.012553912279331544,0.0041728304290137,0.002829279148381962,0.0012585291384945747,0.0006612903195528304
30_1_1,0.026931405046009018,0.08585693253553593,0.1687064987786968,0.3343573176499305,0.196909887206757,0.13438460035753044,0.02320015629193894,0.021436476265728817,0.006839666903074336,0.0013770589647985356
30_4_1,0.06278952015502064,0.07406153922038056,0.26784876383738143,0.2848425823679359,0.12228942950840474,0.11281299516869052,0.039180300911758656,0.023080357545870473,0.008438625449432339,0.004655885835124727
31_2_1,0.029981015630529642,0.15444629905439045,0.12240858539991706,0.43329852768439087,0.13408316384345217,0.08133258296321863,0.019583356861288294,0.01713383431148102,0.006000372527875612,0.0017322617234560257
31_3_1,0.02971743018183727,0.21325386729551643,0.12421965958658782,0.4114918512885548,0.12560940916085017,0.05834185574731025,0.016305268736710423,0.01441560668959588,0.004994700832478155,0.0016503504805593198
32_3_1,0.022743674976879513,0.12455458869021871,0.09881454810457285,0.4205070524436777,0.15850828159917682,0.11560184087500429,0.02694281207538854,0.02246685065789704,0.007794522313895008,0.0020658282632897355
32_7_1,0.0632706535362615,0.0793460277281538,0.23718894112341687,0.2846257010535026,0.13994692031945657,0.10887727294349454,0.04818914734063891,0.023623269599809708,0.009546371967039516,0.005385694388225729
32_9_1,0.02272738398076249,0.12450068047092383,0.09876132780876667,0.42058188192965307,0.1585580663359803,0.11561009865789623,0.026938033622592793,0.02246423290522691,0.0077931740011963554,0.0020651202870020906
33_5_1,0.04005173401582079,0.18721818259543363,0.15090936696522173,0.43194134517892285,0.10730231888659142,0.0523171699137399,0.013208619377022954,0.011544434899787218,0.004164863322442971,0.001341964845016425
33_8_1,0.04725977962812412,0.13609417662197396,0.24699451222521118,0.3355868941894239,0.1362835967644258,0.06840292880663575,0.012605426306369665,0.011699006606349361,0.004097051076366346,0.0009766277751199121
36_1_1,0.04746345424745454,0.0906796469300849,0.31123965763681605,0.344649295744514,0.12137560728489921,0.06421522733861514,0.009618605856884097,0.0063825046739665195,0.003231805424247974,0.001144194862517601
36_6_1,0.04950961098725555,0.09762765683054939,0.31314287774216093,0.3406648696356725,0.11758721427092361,0.06123264875838628,0.009261378536551878,0.006612445806341192,0.0032279794082866113,0.001133318023872128
38_7_1,0.16328630727445181,0.2295186607707094,0.34641846971009294,0.1867455771003461,0.04776655016947234,0.016503610381817007,0.005065121611682261,0.0025760904755776077,0.001429567416486433,0.0006900450893641593
38_8_1,0.16921843584428858,0.23003908801256606,0.3343304555231042,0.17922305768475613,0.06134274602223434,0.016008703979461174,0.005215108747787454,0.0023644054334499226,0.0014254469089748224,0.000832551843377335
41_2_1,0.10665010564899415,0.11773310643457034,0.3979159057032882,0.23020102202825155,0.06905203248473504,0.04099481211195938,0.01892048954768018,0.009944874334241688,0.004949383789826755,0.0036382679164524328
41_9_1,0.046095350682022536,0.20384073739442748,0.16579717216681295,0.4223034544450536,0.0949751782152183,0.04203187583614881,0.010944041028871792,0.009364451863952943,0.003461103799937365,0.0011866345675543562
42_9_1,0.08726246667319709,0.277032256363334,0.22965576932991905,0.32991278208742386,0.05074757265752814,0.015093152049325214,0.00477046300640117,0.003373449479804253,0.001449382206469583,0.0007027061465975078
43_2_1,0.01854126466135891,0.14894843358673523,0.08569380743469679,0.39472415559122975,0.17591600632307824,0.11081521974930562,0.030833181712325533,0.024166974442419685,0.007952665968451624,0.0024082905303984374
43_6_1,0.01686293629624171,0.05527150397286873,0.11894484267690411,0.3035870110709187,0.23415395885149015,0.1980441355486271,0.033918538702889654,0.028596175613769526,0.009012441295937965,0.001608455970352302
44_3_1,0.15773656430297242,0.3389756188532258,0.19340783142034634,0.25120448934871054,0.03710159446983836,0.012692465000852774,0.004220531796953508,0.0027386027331530735,0.0011695806935268047,0.0007527213804204997
45_8_1,0.145865871752044,0.33229448928556654,0.18837417648459742,0.26738660586946245,0.041049856801785176,0.014854170394944233,0.00477173780954502,0.003219007774492869,0.0013543815428157476,0.0008297022847459691
46_3_1,0.10380175518784802,0.22425207228313096,0.39338794251858594,0.19795354730455522,0.05817140808970871,0.013386878405743943,0.005147520358690993,0.0023505072107037088,0.0010379141481750569,0.0005104544928573185
46_7_1,0.12880042737614206,0.12337192780206425,0.43969393050532724,0.23284036286204848,0.0406153204426075,0.017460430435479894,0.008125996891163802,0.004440793560832492,0.0024724887080155,0.002178321416318873
47_10_1,0.04770699229355012,0.29819408323562885,0.21203327166968317,0.3455838719861205,0.07325561867743026,0.01373046197716223,0.0058550847902602825,0.0021623096210147256,0.0009314387654960992,0.0005468669836536529
48_4_1,0.056765992447595254,0.2287644486290557,0.18806854085998542,0.39972674323799956,0.0781284956189898,0.03001546855681456,0.008244319767935923,0.006709048261702182,0.002592027849512362,0.000984914770409227
49_1_1,0.09139820915002506,0.216454743754471,0.3174336911161274,0.26564837715205475,0.06929256054975423,0.025068736081564274,0.006501074318215136,0.005350477980037394,0.0020744897308138106,0.0007776401669372832
49_2_1,0.1153069498365292,0.11270860352598394,0.4202069027220688,0.2500735589068626,0.051997282626835194,0.02715278963018594,0.011170028527426464,0.005992907318986294,0.00295096591410171,0.0024400109910197635
49_5_1,0.09227610140370089,0.17832284795062714,0.32756014527013566,0.2587726403129774,0.088831917629573,0.037478263499484916,0.009208735608859243,0.004488017575472822,0.002280783506062478,0.0007805472431064705
49_10_1,0.1153069498365292,0.11270860352598394,0.4202069027220688,0.2500735589068626,0.051997282626835194,0.02715278963018594,0.011170028527426464,0.005992907318986294,0.00295096591410171,0.0024400109910197635
50_5_1,0.01416893685976814,0.0833871398702125,0.0673755521866629,0.36753027639454094,0.18936578536886914,0.1880198296377304,0.043675287435666815,0.03301184172982512,0.010935594745434903,0.0025297557712886517
51_5_1,0.005318745262565447,0.017586455179637476,0.04104324773886361,0.17523439470819735,0.2464091211166142,0.3519663482143587,0.08159973684167027,0.060626445536576375,0.017584007995428468,0.0026314974060881635
52_5_1,0.019155139353749132,0.027916507116478893,0.08670869545731436,0.192658114602127,0.18185558217541353,0.20412378080332713,0.15549628366381496,0.09863102071341934,0.024952428812520643,0.008502447301835817
53_2_1,0.007729428099315016,0.04353411508746559,0.03900211072608013,0.26142066320072643,0.19704475412575465,0.2901782669830943,0.08111907833857686,0.060002728416099625,0.016552274229298357,0.003416580793589179
53_4_1,0.007546518070444294,0.042918188007589966,0.038337967153721376,0.2613826047222687,0.1976765126620329,0.29177724566846175,0.0805563400561177,0.05993977024599846,0.01649728667258993,0.0033675667407754963
57_9_1,0.019947333551145044,0.06253573040161493,0.14195039318573816,0.3267462152286485,0.22413216042870956,0.16482345650264085,0.027645599988870208,0.02314719686527818,0.007659494391644694,0.0014124194557101483
59_3_1,0.00937527360666297,0.030111550599943675,0.07718820727978029,0.2586667475659596,0.2602238225707875,0.26476612225466106,0.049197376511097894,0.03710725008105381,0.011512529078719334,0.0018511204513341417
59_4_1,0.024289067181410103,0.06861972413229503,0.11421459707029118,0.3181352309720099,0.24554669796737175,0.1576847687434404,0.03524322443439857,0.026407835768025578,0.007180802964317362,0.002678050766440012
59_7_1,0.009331830650494661,0.031465365748891,0.07158031473262504,0.24486165848893252,0.2563329820848526,0.2797594818011053,0.05213571302206979,0.040256843496392615,0.01231902109037043,0.0019567888842654322
60_3_1,0.010586921388584435,0.046492587413062086,0.18221559616892116,0.3342434000621112,0.19806259198418516,0.18997160779827563,0.017954217494891244,0.0156052041493597,0.0038489959788905463,0.0010188775617190622
60_6_1,0.03129367704911658,0.11222618614425621,0.16411188539628502,0.2785753097147013,0.2796593154970895,0.0998653970743198,0.019491161002662093,0.009245253144986355,0.00363067427311785,0.0019011407034653768
62_1_1,0.009892682091273673,0.03179024873736659,0.08091246765796509,0.26473774648095044,0.2591418438469643,0.257459623160307,0.04726465349945485,0.0358240991420758,0.011167473139025039,0.0018091622446175684
62_5_2,0.005845844096352546,0.024541357446351462,0.06823993288475128,0.20639801897070362,0.3647600543542654,0.22786505932910842,0.06497631254938445,0.02823130311045772,0.00663929162867641,0.002502825629948795
63_4_2,0.0017102962324729175,0.004321736700801473,0.00826847964825905,0.05519884361763425,0.24696144083688715,0.311075873285628,0.2339927203634671,0.111661913914591,0.02212736498703436,0.004681330413224211
63_7_1,0.002269648999146836,0.004924405472723723,0.010897548144687757,0.06517908666162049,0.13326990137481576,0.3583315461683704,0.21696756175081636,0.1651855577048908,0.03801674898522606,0.004957994737701677
64_1_1,0.010688149534254218,0.014800121193946079,0.08047414214832539,0.2823714130956386,0.320868624983469,0.1958476545098609,0.06290284284507791,0.020191704264874145,0.01014349074599657,0.0017118566785572374
64_8_1,0.027941451349370382,0.039808691206559214,0.12840644598433573,0.2416834877256378,0.18114896861151875,0.1936801365066536,0.101392347131211,0.061613618550097934,0.01730646660637259,0.007018386328242461
65_1_1,0.004848809870265074,0.004131427599004924,0.01598182684228447,0.08196154088288012,0.1695213851005942,0.479220674799478,0.1345715377586072,0.07856988001325098,0.0286668117670162,0.002526105366618507
65_2_5,0.002136929125346871,0.011210056384210071,0.020077612295043873,0.020985097762944348,0.04997679959371899,0.1851297560983965,0.44590069408260075,0.22909403780495374,0.03113275264657566,0.004356264206209489
66_4_1,0.008369598409203509,0.04929124365743608,0.0424354625309145,0.2842377743887753,0.20009593414750504,0.2738394590277979,0.07090302075952415,0.052658652277417985,0.015065332135958303,0.0031035226654672573
66_6_1,0.0055113778605018655,0.013727436600239885,0.08514485524401082,0.2188849050752436,0.2593117237462115,0.3336523399473748,0.05081957813089339,0.021247619548363676,0.009854653370654885,0.0018455104765055304
66_7_1,0.026077664087424263,0.03745923409591434,0.12016213472085197,0.233622925022419,0.18312947661054924,0.19758574748219326,0.10944169941122722,0.06689566329941478,0.01838396323931111,0.0072414920306948976
68_1_1,0.03889574036628282,0.2521778251844243,0.15035561397828368,0.39805310511389697,0.09755222014875052,0.03784684437065096,0.010805846115568282,0.009540436091443377,0.0035058701800986134,0.0012664984506006237
68_3_1,0.04603651907142624,0.09689903830929338,0.23883555745650356,0.32052128801612256,0.1956597239630262,0.07288553171816572,0.01594597349368113,0.008676190019316236,0.003518377492528654,0.0010218004599365541
68_5_1,0.08713371789769818,0.0920933171294988,0.34877864423863303,0.2752187828129381,0.08618029749041711,0.06636547653710462,0.02283019209753196,0.0128343427634956,0.0051634818630205605,0.00340174716966195
70_8_1,0.04380968478093814,0.18448083891049527,0.17837129884320033,0.4350719772489787,0.10088355126624676,0.034835771482160854,0.0102062398827623,0.00746856279356552,0.0036936072969558547,0.0011784674946968088
71_3_1,0.0591301510475356,0.13039290762235267,0.28830409624039005,0.30686166563723294,0.12830129453777445,0.06419872406414127,0.012373259494886064,0.0065204091179656845,0.0031258777356002834,0.000791614502120589
71_4_1,0.10089185772156531,0.10189319148705,0.38726003472483667,0.26521384243408974,0.06833480586438288,0.044473946319714186,0.016321756575395294,0.008882633178641342,0.0038667864330545203,0.0028611452612702297
72_2_1,0.013977245940749354,0.08260714712592612,0.06666602518374257,0.3680919661019796,0.1902027799618849,0.18855640528077944,0.043508959727157036,0.032975329485431554,0.010903585089605521,0.0025105561027440673
72_7_1,0.03647610925189877,0.17043094419053978,0.08149151455777774,0.40966343482440953,0.13347636633298096,0.10693853969261112,0.026277693703887165,0.02404535106872114,0.008314476788740685,0.002885569588433563
73_5_1,0.01857716775013565,0.036340240695636,0.1323875126943731,0.2855709915816969,0.30018252386254307,0.16585634134327545,0.035949435635974386,0.017543413646925434,0.006266873777173415,0.0013254990122668264
75_4_1,0.12336848428692891,0.11894032021735368,0.43344523798595846,0.23991398213495368,0.044671611863483014,0.020659442469579556,0.009152349791448536,0.00494952705623774,0.002629099330693442,0.002269944863362623
76_1_1,0.0449584862836008,0.20183473826334872,0.22559163115614358,0.4038775221014206,0.0801414893841342,0.02928395226125462,0.006486945091682432,0.005692061129714181,0.0013070839298917163,0.0008260903988091847
76_4_1,0.052327611033293926,0.146336779849219,0.3505368295881181,0.283542340827022,0.10253911464362311,0.04775744347494195,0.00870278164855259,0.005887733956310936,0.0015647275489751914,0.0008046374299433474
76_7_1,0.11044035860352536,0.2827602537044845,0.29913362976605673,0.17564605299259195,0.08679187097167133,0.02973293440166724,0.007800772485055078,0.004930122379129069,0.0017368200118608418,0.0010271846839578125
77_1_1,0.0649062538502483,0.22946045252061678,0.29980186408923576,0.27664693836203497,0.08426627202694084,0.0291736324298721,0.00649098411108034,0.006100598374004016,0.0023569601613428436,0.0007960440746239761
78_1_1,0.11652843990417787,0.3459290188690626,0.3158725942020302,0.13813861720894108,0.04625720966515593,0.02623032519881635,0.003856775738022105,0.004142647668506462,0.0015187045842619572,0.0015256669610255855
78_8_1,0.05926526948558957,0.14165425750905952,0.28336097003133665,0.30780784867950234,0.12403207456658934,0.06034904968949167,0.012374856844074304,0.007196734669249691,0.003144353212147277,0.0008145853129598081
80_4_1,0.13452568890071434,0.1274592831800539,0.44452849647618914,0.22567551547245107,0.037103756929828646,0.01492666450876272,0.007293274786631624,0.004039573659255498,0.0023482725954081423,0.002099473490705031
80_7_1,0.12500298110946734,0.20885355938448882,0.3923085682347954,0.18577758876139386,0.05542582911342511,0.02102305235430564,0.006348428379938764,0.0033973248519866286,0.0010948982387577971,0.0007677695714409093
81_6_1,0.07937027617459974,0.08653734253286226,0.3247921021590801,0.2793965360432436,0.09698978835486836,0.08027651826277095,0.027219503766207267,0.01558284147393695,0.006070995351107114,0.00376409588132362
81_7_1,0.034551271940526526,0.1700920450361304,0.13586624251235258,0.4367623527323356,0.12079683489185428,0.065262153680818,0.016023203135258828,0.014125080024990959,0.005000991651740597,0.0015198243939917543
83_4_1,0.025447964877094838,0.13645520096351707,0.10812290641858573,0.42644942632873206,0.1487874199259494,0.10134899688141631,0.02393306086403379,0.020404168801114512,0.007103336324675779,0.0019475186148797939
83_8_1,0.026637300826059026,0.08513153965865775,0.1670106366492363,0.3358436057141386,0.19807742202538262,0.1346329287632783,0.023103098417030777,0.021383613439851026,0.006817061056401957,0.0013627934499636275
84_3_1,0.008153443953154975,0.04092974177250052,0.13517006102743512,0.3139797061946406,0.20954384094991998,0.23757301055855462,0.022002250694927478,0.02560512118365317,0.005574307890177681,0.0014685157750357319
84_4_1,0.048241648975713466,0.06145933255203807,0.21221234510084824,0.28194858734682704,0.1471377209475588,0.14469407989609426,0.05496710826896428,0.032737282180953356,0.01108022877260524,0.0055216659583965585
84_8_1,0.044149717086585175,0.0887591381308845,0.20123861240894092,0.29753800962265275,0.21976573517791018,0.07563943092560006,0.03625085559145748,0.02398973772675382,0.008293788131572784,0.004374975197642122
85_2_1,0.0795952324935564,0.2627518303043657,0.16008631812771754,0.374701387732789,0.07727484502448757,0.02508957683601804,0.008734538276877271,0.006550269395731321,0.0038065958521835384,0.0014094059562737003
85_4_1,0.04580935030850066,0.14180684014095246,0.2433172787818904,0.32744359293213043,0.1305548111814038,0.08059043878606467,0.012844317293651722,0.01263433204890899,0.0035036526064169122,0.0014953859200797824
87_1_1,0.05918771325446074,0.0711029107930532,0.2546286314190714,0.2851563768014331,0.12818552283911575,0.12031973188845752,0.04243534233774886,0.02509151074677941,0.009029167695811748,0.004863092224068345
88_3_1,0.022070399958396252,0.17197875874080584,0.09887237827409953,0.40471856144350327,0.15786029543664515,0.08970018533129995,0.024968767551019344,0.020765300236412928,0.006911982897305863,0.002153370130511772
88_4_1,0.021036494912611812,0.11702557655585186,0.09293569235740871,0.4147904529092899,0.16470088685127682,0.12600741191832235,0.02916382077746365,0.023920796190121826,0.008274858445023315,0.0021440090826301173
89_6_1,0.029468332429765827,0.09003011983187861,0.18606913511502718,0.3419629478738825,0.1889220987826747,0.11815732490942824,0.020069720938180536,0.01799386624816875,0.006087091637457773,0.0012393622335355905
90_2_1,0.007767305265938855,0.033155148221058486,0.0983875500976204,0.2533372132934433,0.29752247397904147,0.23574812502940576,0.05201419832028517,0.014801472473721697,0.006238723465884349,0.001027789853600273
90_5_1,0.0308489516900458,0.057167799010996105,0.18179693959856802,0.31595962823096285,0.19525057848267374,0.12038918841118865,0.06138631593680474,0.02332059736725471,0.009169769947095537,0.004710231324409471
90_6_1,0.019876439188274947,0.053275901033652054,0.12965971354500247,0.2958392869912338,0.258451121705101,0.17356119430623157,0.033688896187154024,0.025929009747511805,0.00802170959872711,0.0016967276971116654
91_3_1,0.06067388987960185,0.15142376688247663,0.2779877759415901,0.33067028710856466,0.1292097026672482,0.030832827794907192,0.009262304918853586,0.006128057230512426,0.0031689169183925715,0.0006424706578532998
91_4_1,0.10089185772156531,0.10189319148705,0.38726003472483667,0.26521384243408974,0.06833480586438288,0.044473946319714186,0.016321756575395294,0.008882633178641342,0.0038667864330545203,0.0028611452612702297
92_1_1,0.01750726572996288,0.10009885570621596,0.08018620725492008,0.3938508061184619,0.1777483883163278,0.1549133672539884,0.035751079047153723,0.02802064391104052,0.009572434958060627,0.0023509517038676846
92_5_1,0.01660682923083755,0.05252009644202342,0.12379753529264734,0.3149651439709393,0.2371948704666054,0.18763442295653754,0.03164905468579147,0.0257462605288669,0.008402653699732506,0.0014831327260185583
93_6_1,0.05203766087410849,0.04244546356278535,0.15420247836809983,0.2796357406044323,0.16773856444126767,0.1414057578613646,0.09985223781686034,0.040205035777752834,0.01582423153500111,0.006652829158327607
95_2_1,0.10292549115512377,0.29535728885408746,0.1613805741553763,0.33197861629839504,0.06155416162087247,0.028419947483813063,0.008126249132890558,0.006460840837937197,0.0025257796211145944,0.0012710508403892342
96_1_1,0.16303508834161554,0.2961277211156597,0.14286586773224053,0.304036341443473,0.050776952942609734,0.026549372866880392,0.007701148042179077,0.005253250766998612,0.0022320215226665887,0.001422235225676457
96_10_1,0.06563155034639546,0.12224617454487763,0.2685524162570099,0.3017196437511303,0.17223122340565605,0.047917995959429055,0.012277512414363303,0.0057430876888818275,0.002655027538046939,0.0010253680942099654
97_1_1,0.16250301124557312,0.14376060050266878,0.44835588570544066,0.1969049745705823,0.027222413276412484,0.00900926651591076,0.005253907171679486,0.003090921517413753,0.002035274428695439,0.0018637450656235526
97_2_1,0.2143532444355396,0.34565528040830945,0.29245147548396194,0.1052029632059612,0.02860300108856055,0.0052958161841112576,0.003615800812511225,0.0022532048204006753,0.0013356571232143522,0.0012335564374298157
97_3_1,0.2403539896827948,0.1315269381225301,0.3972537290766934,0.18478054462633334,0.02515470622238535,0.008689242875796598,0.0054460626716799675,0.002993434947208441,0.0019531038339846178,0.0018482479405934177
97_7_1,0.18276364564025066,0.31937836650667056,0.2631445153949788,0.19811300474588647,0.025188416168191608,0.005892060372783661,0.0026263763401975105,0.00151167530121334,0.0007972849845240943,0.0005846545453032114
97_8_1,0.23656532608618458,0.3177890943524561,0.25249228618734604,0.15350120508619775,0.026581553023566046,0.007261628240192717,0.0030556915515334553,0.0015883956504635806,0.0005823673386309307,0.0005824524834289445
99_1_1,0.003937404941996038,0.01832660026017171,0.07379549274926181,0.24173935692121087,0.21565452248886222,0.3664139949611269,0.03382040164077011,0.03553931941118541,0.008702109201509484,0.0020707974239048505
100_2_1,0.11754204196883417,0.07767986578422531,0.3129255299842089,0.2739661110453136,0.09067965417936862,0.07151277536885244,0.031623494096517275,0.01420997304567979,0.0059689645178545685,0.003891590009145086
100_7_1,0.0689315902710677,0.2500506482805918,0.15182319051526644,0.3882672388820491,0.08715727097951413,0.03007399642083602,0.010221785553535293,0.007554666223742481,0.004414060601850015,0.0015055522715472515
101_5_1,0.02258128421019161,0.11223090966571656,0.05505465089383711,0.37915012658284813,0.16502504278506416,0.17288062526858988,0.043482950393259695,0.034161514660717776,0.011678410078661742,0.0037544854611135897
102_7_1,0.03983257737797649,0.12188484839244437,0.21877447832304203,0.33948118678516576,0.15508202302442767,0.08708522633723649,0.016093326622433596,0.01555314209709438,0.005054352638211195,0.0011588384019682462
102_8_1,0.0309622623748252,0.12133251862069366,0.2931378017347791,0.4027945974385916,0.10216501644085632,0.032476160681462043,0.010705824727275116,0.0036424403511915843,0.0022535110129824573,0.0005298666173432719
103_7_1,0.13452568890071434,0.1274592831800539,0.44452849647618914,0.22567551547245107,0.037103756929828646,0.01492666450876272,0.007293274786631624,0.004039573659255498,0.0023482725954081423,0.002099473490705031
103_8_1,0.11399618054693561,0.3401440134355432,0.26455363950327004,0.22688315408783954,0.0410134483769825,0.007391055239303109,0.0034787541312154622,0.0014417928856766476,0.0006043618192975654,0.0004935999739363464
104_2_1,0.05552102140179328,0.2261132547324605,0.1857181938539324,0.4025703128139613,0.07982358066433246,0.03112219526631195,0.008495988125062566,0.006956785004183068,0.0026741594327890244,0.0010045087051736069
104_4_1,0.05532288846401146,0.22574973451512406,0.18525148783831447,0.40342717607222806,0.08000548084569321,0.03113004906331557,0.00848874196753754,0.006951960144777515,0.0026709029560085806,0.0010015781329895776
104_7_1,0.06918710243503443,0.3919471181232377,0.14676100869975844,0.30731364763507446,0.05042422957563009,0.018528705825548258,0.007407764830630134,0.005075561217112127,0.0021692382551255327,0.001185623402848797
105_1_1,0.03923323039543743,0.2274508698316139,0.21331239261077145,0.3972937543901859,0.08246550314618774,0.026473721024261914,0.006095594996450242,0.005576755713728787,0.0012657216650750088,0.0008324562262877953
106_10_1,0.07899869481036395,0.2666716635594103,0.22145511486646272,0.3470788488257403,0.056197285065978396,0.01777336158581016,0.005421071178987997,0.003975649984209719,0.0016658108686577184,0.0007624992543786429
107_5_2,0.03141440166041656,0.1098145172605094,0.26105409210851666,0.3206586420718606,0.18136184927831675,0.06680463221511486,0.01681790284032423,0.008709366712600268,0.001966737135024594,0.0013978587173161428
107_7_1,0.056644532964855665,0.1616735993571105,0.26592351334758885,0.3229108384050651,0.11449579291056147,0.052717739389069256,0.010916105708337629,0.010265579071384512,0.003501760467462731,0.0009505383785641173
107_8_2,0.03141440166041656,0.1098145172605094,0.26105409210851666,0.3206586420718606,0.18136184927831675,0.06680463221511486,0.01681790284032423,0.008709366712600268,0.001966737135024594,0.0013978587173161428
108_7_1,0.029487117235911884,0.2123024774549301,0.12358261444107817,0.41281188164186705,0.12613067044173687,0.058380927720209204,0.01628310273692694,0.014394724231111626,0.0049822871402275355,0.0016441969560010011
108_10_2,0.01734317858655783,0.07098305504641236,0.1838665784554674,0.3059780310493089,0.25660345680139396,0.1170348298774742,0.028358796088249906,0.014717185318188117,0.0032800530974831455,0.001834835679463824
109_8_1,0.0026386366683973685,0.019613505482423358,0.060355400952055764,0.28536543878042453,0.2930103562859818,0.24460505456355458,0.06054062560857182,0.02220351376980758,0.010161072703196107,0.001506395185587406
110_1_1,0.017851097325111993,0.06770842825701498,0.1587144134975459,0.24460655369297493,0.253098290184503,0.13801260575997637,0.07202757502916059,0.03132285278961572,0.010521753260370562,0.006136430203726488
110_5_2,0.005578456732201423,0.023340459283317832,0.06488134128550543,0.2011138556212929,0.36713085980481847,0.23252665947476647,0.06715170381709809,0.028941821463460894,0.006811877661639369,0.002522964855898944
110_8_1,0.01067516152994879,0.06436038778050397,0.05295463200204144,0.32883508832472874,0.19913700459517042,0.232140983338542,0.05530160450443113,0.041117222820958935,0.012740659201553923,0.0027372559021201625
112_11_1,0.001403190031271731,0.002347766284139033,0.003370193512398369,0.022687688404960504,0.032752204177984176,0.17124510363062775,0.4454541711825926,0.272698713019129,0.040841973106443046,0.00719899665045323
112_12_1,0.0009414824361819037,0.001620658880684819,0.002140207320016709,0.01738703122970053,0.08289000834490537,0.2781214785135368,0.34937618877506244,0.2196807615000709,0.04141211726530712,0.006430065734533701
113_5_1,0.009018813932025263,0.018862233921061525,0.04564939751179123,0.14635827675607974,0.2124763560334555,0.17754790075815396,0.21879530820794246,0.13037595704938423,0.03121688956001616,0.009698866270090312
113_7_1,0.004579953683023986,0.015393740038338556,0.0208450826879709,0.13378769484041503,0.14721802722320443,0.3269871644469459,0.1812472046784911,0.13364903059459676,0.030649938623167023,0.005642163183846076
115_7_1,0.00358915791510356,0.010468140590823774,0.02919124056078496,0.12392394602460956,0.22545693155114077,0.388304679499158,0.11544905970485919,0.07811229946245593,0.022488721215629146,0.003015823475434942
115_11_1,0.0018597072283591482,0.014697094321261166,0.0435541596378404,0.24561394144409043,0.2892903359120105,0.25653725174472963,0.10279575769026754,0.031974705215553144,0.011916499417840211,0.0017605473880476369
115_12_1,0.01769751345606559,0.025718852231865808,0.07877983854805527,0.18163056209076206,0.1781534781152122,0.2021494457481393,0.17045634144706695,0.10934863878755516,0.0271826573340029,0.008882672241274838
116_3_1,0.004630586872854391,0.015525928003657508,0.021002399324009317,0.13403668985610626,0.1471862041513367,0.32561203044911224,0.18191192871808817,0.1337382854402262,0.030680876389771263,0.005675070794838158
116_8_1,0.005069139704196727,0.03193750924765151,0.02153110077628526,0.25888738526061733,0.19636652880982483,0.3513345261960771,0.0677383259635305,0.04975183093665191,0.012318149444838057,0.0050655036603267705
117_1_1,0.0023793788382214832,0.0071953933155557885,0.030396928035155778,0.11505022297585482,0.17450371265672046,0.5332677983113945,0.06427784887617292,0.05526358600285516,0.014704467883049669,0.0029606631050201177
118_12_2,0.029587972235978727,0.10570140217712155,0.2536159688827858,0.32067560116178806,0.18878288498215665,0.07117877704766457,0.017728773774738988,0.009219203025999432,0.002073023540046243,0.0014363931717201817
119_3_2,0.012517942886444236,0.05307985223377715,0.1424407350909277,0.28395586744168644,0.29652240869180607,0.14945178547578686,0.037120293099880554,0.01862641659950364,0.004199636518437917,0.002085061961748837
119_10_1,0.023271556564235598,0.07240313661189872,0.15826339813997567,0.3361375721055474,0.21148397319449144,0.14503676998088028,0.024196662179575428,0.02089842928218267,0.006978763933662505,0.0013297380075498499
119_12_2,0.012517942886444236,0.05307985223377715,0.1424407350909277,0.28395586744168644,0.29652240869180607,0.14945178547578686,0.037120293099880554,0.01862641659950364,0.004199636518437917,0.002085061961748837
120_2_1,0.12811221206272227,0.31980145016394856,0.17882616167727017,0.2937289866071515,0.0480757394855729,0.018901478485541176,0.00576962172762921,0.004133396512296625,0.0016925190305676404,0.0009584342472997383
120_3_1,0.07624651441970132,0.16512455758362102,0.29451917304496367,0.2867434943109838,0.12302947217085634,0.036035500817410894,0.009454565137070802,0.005608803022050187,0.0022995821420501283,0.0009383373512918526
120_7_1,0.11472750457607721,0.11579685034269722,0.3892905820800141,0.2533016177475194,0.06280094541607296,0.034505167220355196,0.015185980602494976,0.0075370773127504025,0.0038465167170081676,0.003007757985010566
120_10_1,0.06663927722928821,0.22068840307986207,0.30182728002644565,0.2711664027384693,0.09424430707274035,0.02978507512653378,0.007176516189507244,0.005447744951261686,0.0021856430311535694,0.0008393505547378148
121_11_1,0.10939090902845905,0.10818170835647835,0.4079022764628357,0.25688454327135024,0.058293563684474,0.03340831952659494,0.013056176745994776,0.007016923742135161,0.003271155787015729,0.0025944233946623247
122_5_2,0.02537022535751274,0.0952594441685192,0.23400423068339535,0.3191962837536387,0.20812677229503654,0.08317721647920055,0.020317940587111095,0.010632102369991282,0.0023735027747076158,0.0015422815308870255
122_15_1,0.038721803954842114,0.2516133666035575,0.14993041871665333,0.39897095277592437,0.09780839601369155,0.03786097467075157,0.010797956588329384,0.009532620201585856,0.0035003736239825165,0.001263136850681551
123_7_1,0.024910837464002276,0.13960593804008545,0.15659206712056026,0.3499746457244955,0.16175197405908487,0.1244177822276827,0.021438375507387714,0.014490025246122326,0.005267136290091314,0.0015512183204878561
124_1_1,0.032133365496535386,0.0448238841805097,0.14638163871359736,0.2561986789121285,0.17526271839435195,0.18382524072962866,0.08696507664035429,0.05237672062556792,0.015418864545327525,0.006613811761998606
124_7_1,0.004581210143072557,0.10677577763036317,0.08357742503766384,0.4137762392358983,0.2522520114697547,0.08913172507279715,0.03403511627901387,0.010846013375085643,0.00397493509147662,0.0010495466648736283
124_10_1,0.005918662631810079,0.04595608464109235,0.05847943178063167,0.34373585140713064,0.17744356323176375,0.2885878971328528,0.03417514687886652,0.03475500647132029,0.008346675275440283,0.0026016805490917754
125_1_1,0.027941451349370382,0.039808691206559214,0.12840644598433573,0.2416834877256378,0.18114896861151875,0.1936801365066536,0.101392347131211,0.061613618550097934,0.01730646660637259,0.007018386328242461
125_4_1,0.0027628020450236046,0.024634095770034642,0.08737899327455195,0.3537657084461117,0.24222990265276492,0.2352443845835186,0.02777337581698184,0.018195232730217895,0.006763133271789672,0.001252371409005242
127_7_2,0.05737124469335594,0.2159487987397511,0.26016162345126637,0.2402177355658997,0.14559913321584275,0.057471261497388446,0.011113691182339236,0.007926719459173752,0.0027999773733595216,0.0013898148216234976
127_12_1,0.11411873980502502,0.21670529996355312,0.253979220870336,0.2548339604367945,0.08985332081984274,0.04753767916728013,0.009959987140206543,0.008576980240774258,0.0031573450962294343,0.00127746645995841
128_1_1,0.010338234680794069,0.03537447369881925,0.09642863515362221,0.3008592413981849,0.2942779173061143,0.17866041887101614,0.04452648710738669,0.030606000975940434,0.007434583521716819,0.0014940072864051146
