psu_hh_idcode,subjective_poverty_1,subjective_poverty_2,subjective_poverty_3,subjective_poverty_4,subjective_poverty_5,subjective_poverty_6,subjective_poverty_7,subjective_poverty_8,subjective_poverty_9,subjective_poverty_10
1_7_1,0.020902327979872824,0.07079114958012123,0.18437179212199176,0.31018477452099363,0.2496817658766516,0.10694407773914624,0.04131672522170789,0.013860553256940349,0.0014459343810267198,0.0005008993215476671
1_8_1,0.02736086235724174,0.09032335489527317,0.21753712560311078,0.31504901788295386,0.21928108184956258,0.08470399403634572,0.03435343478331913,0.009855064797187497,0.0010581513952993315,0.0004779123997057091
1_10_1,0.012231563741267213,0.03637486845406919,0.10754349327143062,0.23458449787307217,0.30037322639086084,0.1890401256196955,0.0817761621802032,0.032603763184299174,0.004605677270530703,0.0008666220145720858
2_3_1,0.021178876123427986,0.07183987281357099,0.1925796720027844,0.31790144958800004,0.2436927746152195,0.10018276976389875,0.03895853489048345,0.012039373537314872,0.0011786841852536826,0.0004479924800462016
3_1_1,0.017858020848217984,0.05752063043822985,0.15862528617756286,0.28785993890051326,0.2676914476773932,0.13588673493430362,0.05242233791301412,0.019295209983083497,0.0023024220422801153,0.0005379710854010643
5_4_1,0.008460990337752494,0.022597680126475783,0.0651870894034221,0.14756577468802692,0.2563958022958415,0.2601883176149748,0.1515761735363225,0.07414831519111986,0.012822000060899848,0.00105785674516467
7_8_2,0.011125459550048634,0.030038807984398005,0.08828589801385803,0.191185129062143,0.2774090429818122,0.23016477145575925,0.11407893999023061,0.04905677572012043,0.007812250315977949,0.0008429249256532881
7_9_2,0.03371015145317985,0.10287803942356165,0.2419124542524904,0.30113313654061713,0.2037427028199861,0.07615201018258044,0.03122389650709975,0.007871428187793295,0.0007819361032586281,0.0005942445294329035
9_1_1,0.025097722865175073,0.08427711800080653,0.21498138088502647,0.32085713626347256,0.22694405664129907,0.08425212102503765,0.0328591763639272,0.009311472324393734,0.0010508176766694801,0.00036899795419219485
9_3_1,0.03218217309198364,0.10619570331740744,0.25387198371965447,0.3045950168639838,0.1953502691808598,0.07011079635619936,0.029451466833890536,0.006963752502952508,0.0007036034220689015,0.0005752347109994464
10_6_2,0.031076043217847286,0.09840700496404783,0.24514562958575187,0.3112429101360999,0.20152833243276044,0.07415999372660027,0.02964756557640312,0.007546590714709474,0.0007441489856681077,0.0005017806601117986
12_7_1,0.05001857565830918,0.1412723344251488,0.30413039696108685,0.275819000417071,0.15239281505083702,0.04925875417088862,0.021530011219998875,0.004367998583669759,0.0004455180264382927,0.0007645954865518979
13_3_2,0.010738286198140774,0.028096527232284136,0.08657900753693387,0.1855380562789235,0.30577393045645845,0.23192757997675728,0.1037813406935403,0.04040898517960565,0.006455110984260146,0.0007011754630966888
15_4_1,0.06926385978298215,0.18243977395175232,0.3364126860337747,0.24127176455855598,0.11757783426770359,0.03358925553225919,0.01609315432230502,0.0026524455846008116,0.00030418224586857,0.0003950437201982402
15_8_1,0.06565460991089132,0.17633578364903918,0.3099588349836855,0.2505305208221387,0.13427338412060286,0.03983745792482233,0.01911613254206384,0.0033762269444713435,0.00038123462806613473,0.0005358144742194883
15_9_2,0.0730113244405616,0.19715222794097964,0.34295923847550325,0.22952301780792211,0.10718253153823391,0.032400719009879106,0.014425418326043686,0.0024313520417708766,0.0002997399077577703,0.0006144305113483368
15_11_2,0.0821356024650976,0.17420785816469023,0.2873483600559565,0.23812062186915026,0.1397705789733973,0.04901028618129411,0.0218150810223586,0.006593052924476774,0.0006765286003753031,0.0003220297432032327
16_7_1,0.012988715189391407,0.03864111945291485,0.11451939960324123,0.23457372650470176,0.29526047778949754,0.1871496261710659,0.07951502438026348,0.03267284584862273,0.003921957665014126,0.0007571073952868996
16_8_1,0.016061728960576206,0.052280536055111806,0.14482118329149962,0.27311957205142,0.2856616252896014,0.1493834056273249,0.05417442558739617,0.021276004570554008,0.0024142430227368614,0.0008072755437789009
16_9_1,0.011893599048175817,0.033918562213022925,0.10113776882570265,0.21162775437326756,0.3121839610787352,0.21252055219384916,0.08086307990056546,0.031192044777369574,0.004073774664203191,0.00058890292510855
17_3_1,0.014431632164831806,0.04617796058772628,0.13239953091140746,0.27252838666445317,0.2941290988601852,0.15597445082488007,0.0576724996181534,0.02355438996126781,0.00233106016079743,0.0008009902462971503
17_6_1,0.014835229861272656,0.044859456840550566,0.12804385457602271,0.25272030263187334,0.29459755480347927,0.1671818990435742,0.06772191340965157,0.026162045413241724,0.003150348295579545,0.0007273951247540403
18_2_1,0.01103569718932444,0.02785260607652943,0.08373227461168412,0.17450570224895512,0.3045011720171375,0.24544546754298058,0.10611092505421067,0.040219035944795256,0.006013824417234094,0.0005832948971492335
18_8_1,0.011530162418196656,0.03060725945485569,0.09326493660028139,0.19071034566942197,0.30532002890617044,0.22522072520724323,0.09981727622966562,0.036883884956497054,0.006049351514135909,0.000596029043532132
19_3_1,0.06807943750925458,0.17676333269410516,0.3187135984109108,0.2401441926829693,0.13087920530739566,0.040529687666911264,0.019916975559318935,0.0036571659004105738,0.0004051726965052812,0.000911231572218788
20_3_1,0.05172675956172555,0.15103813191544438,0.3174147612543768,0.2779230503975383,0.13917879137789949,0.04078630499040922,0.018043918804724637,0.0031441406646976915,0.0003203472026045896,0.00042379383057967963
21_1_2,0.1446270526231558,0.29296178009813656,0.3135915920562536,0.1563243537884905,0.06287700465145217,0.019056859311025028,0.008862045847982442,0.0012772440212907297,0.00015347364836630116,0.00026859395384759154
21_2_1,0.12013040030085602,0.25812245862984107,0.32461952663172744,0.18598090641174228,0.07833179974177427,0.021061093985992468,0.009767517973517539,0.0015480093170641119,0.0001695432871718203,0.00026874372031318936
21_5_1,0.09243152796760865,0.20398702254400336,0.30199464236458784,0.22407057647471088,0.11651650562272572,0.038400613210607004,0.017621869314554763,0.004064247034108098,0.000541068483367382,0.00037192698372639344
24_6_1,0.034776339708367895,0.11519576999311738,0.264763104427482,0.3021965392239561,0.18568187845207876,0.06325896163970098,0.02718425688739732,0.005789678040687442,0.0005803137217607013,0.0005731579054514217
24_7_1,0.03356502487252166,0.11107073077520017,0.26192467657201657,0.3108500878363047,0.18627418656090095,0.06302875889105192,0.0264236323957478,0.005809985724261073,0.0006089397964655849,0.0004439765755294115
25_7_5,0.023343846300028195,0.07333200020524723,0.1914782902408687,0.31427290158116256,0.24355126230816362,0.10155504155847944,0.03803861942345385,0.012618022611561686,0.0013617118494246628,0.00044830392161024764
26_1_2,0.012308907803113278,0.03564333640023355,0.1083318968871399,0.22689170920572327,0.30331494708803475,0.1944500349725351,0.08245731995843847,0.03190219412062784,0.003964393470547827,0.0007352600936059475
26_2_1,0.01283825960879047,0.03494969830346369,0.1039344455083706,0.2129243974816782,0.31259915937345356,0.2052247305573396,0.08066861626478943,0.03196348480100863,0.004166255336466498,0.0007309527646392141
26_3_2,0.010945654030630482,0.030952012363861962,0.09494667471835737,0.19516462897049264,0.3041167686592329,0.22414033904273595,0.0973756655244262,0.03607125075884621,0.005646741498241729,0.000640264433174397
26_7_1,0.01329787297758801,0.035828486257830805,0.10686022052580423,0.21747135185947483,0.31087403665701957,0.1985338464778698,0.08103304796362013,0.03134738813802358,0.0040382888694059605,0.0007154602733629745
28_8_1,0.02851923858908084,0.09776734428856226,0.23811022314333957,0.31590455543843865,0.20621047602749362,0.07439457757767386,0.030070623571562597,0.007779632253112779,0.0008517801934579125,0.00039154891727749775
29_1_1,0.10349960822203755,0.2557622548526559,0.3551882697497873,0.17680351824584442,0.07445739892483824,0.02229015207246176,0.009926845849347261,0.0015039590974677555,0.0001943565376794203,0.0003736364478807754
29_2_1,0.11807437168038794,0.27705038406196714,0.33946361974061146,0.16667488956416962,0.06751716805575116,0.01958066479610564,0.009856939408139706,0.0012862814275277508,0.00017194967935991846,0.00032373158598046983
30_1_1,0.0176766979648561,0.05848988097322209,0.1613782187291586,0.2987836128768447,0.2686974118299826,0.12750629949699685,0.04771285875822847,0.017384125828331647,0.0017882839001388726,0.0005826096422401443
30_4_1,0.01648665292876386,0.05416838188115987,0.1543841332156178,0.2995613869810926,0.2763027360995048,0.13124997058990379,0.04725460807705382,0.01812514178745151,0.0018353644920423749,0.0006316239474094955
31_2_1,0.02703275733066917,0.0866872738436577,0.21579872692727914,0.3072556461094398,0.22597537029678313,0.08941825613797365,0.03586097625483834,0.01036504755336664,0.001070579806306816,0.0005353657396856593
31_3_1,0.01956328098791907,0.06687314980409864,0.17805284063438093,0.31692817604562323,0.25760383960919164,0.1074689573898109,0.038729890034669624,0.013122037935438426,0.0011976145353811984,0.0004602130234869005
32_3_1,0.013069771326903483,0.041486610312570234,0.12191032890957935,0.25259543418632974,0.30238607952762525,0.1724125621429521,0.06631627595533533,0.0258301487443636,0.0030902861666506727,0.0009025027276902503
32_7_1,0.015024128608661142,0.04982344642173024,0.13955158917444965,0.2801403485684139,0.29049176145114464,0.14754751408545816,0.053002706931007705,0.0217002216531254,0.0020211611097932665,0.0006971219962155613
32_9_1,0.01402577331658176,0.04445872127035599,0.1292187919432316,0.26196980419234495,0.2982881734479347,0.16242349755577115,0.061715165701796755,0.02454230450116539,0.00254153765433325,0.0008162304164840076
33_5_1,0.02770376929034834,0.09472641797777336,0.23121831168692386,0.3183224139320358,0.21102655944718757,0.07685638490164472,0.0307189161145969,0.008154651929621413,0.0008892648993501795,0.0003833098205173051
33_8_1,0.03452440238697356,0.11051527273000454,0.2594051633100302,0.30148370482908093,0.1902785832049669,0.06710088990578839,0.028776269920017535,0.00661247463134101,0.0007265112875903751,0.0005767277942065669
36_1_1,0.022287499710029246,0.07797993593653446,0.20062936331578882,0.3166004523437472,0.23542101669991877,0.09626945175634648,0.03701871135812425,0.011914348931706394,0.0014038081604919883,0.0004754117873118663
36_6_1,0.02316148105034639,0.07291102089049405,0.18939375755676768,0.29999349443373746,0.24652334545093182,0.1090394127265597,0.042361237075788725,0.014452297346845685,0.0016071004730844752,0.0005568529954442069
38_7_1,0.0895322832029036,0.21347012726283235,0.33533645543913815,0.21083565523763056,0.10245817965905904,0.031084994240968736,0.01391606281026972,0.002751104310689867,0.0002898341606298552,0.0003253036758784674
38_8_1,0.09639061471485225,0.24089282578325466,0.3495524663255574,0.18955326013451013,0.08567024279013269,0.024442723468850944,0.010965847698113856,0.001863339132119384,0.00024367094451032968,0.0004250090080991125
41_2_1,0.03685036650868016,0.11622671669685945,0.2649162956100961,0.2943788133422626,0.18492473852618918,0.06650853981317832,0.028415489369062952,0.006504853961088841,0.0007057739780606475,0.0005684121945218238
41_9_1,0.024533005522406417,0.08390066737572609,0.21421465520631253,0.3181541243002233,0.22684858329284335,0.08733913053299396,0.033696163967582474,0.009819177510437356,0.0010828714950445102,0.00041162079642943756
42_9_1,0.09387020803533723,0.23395627899424096,0.35920707700318827,0.19119911898274533,0.08362411735043215,0.024131893194326806,0.011617611538884009,0.001772514174975976,0.0002124371101518894,0.00040874361571793615
43_2_1,0.011257087191881652,0.030513733404682265,0.091347984010505,0.1972971724345456,0.3004382181535016,0.22630992605970474,0.09684517139968304,0.03925161077079426,0.0061066863350164305,0.0006324102396859282
43_6_1,0.012415239034373457,0.03437065096226814,0.10156082616454322,0.20981939287721116,0.31082827736446855,0.2068214419833041,0.08647668025803847,0.03251904890083252,0.00454214717827661,0.0006462952766838438
44_3_1,0.03583166092413835,0.11510258561474028,0.2549578487804207,0.2948940997546279,0.18759007933665786,0.07059981403219338,0.03124074133726693,0.008201697477237025,0.0009717269489925779,0.000609745793724782
45_8_1,0.06052100612172348,0.17720075425322446,0.33483208380535595,0.24803769102853876,0.12375899208585982,0.03493476257169353,0.017182305048552855,0.0026130610159272576,0.00027932367656418087,0.0006400203925598881
46_3_1,0.09179606547416498,0.2198492541988346,0.33228627336294153,0.2105150803163465,0.1005811573366412,0.02827873405055868,0.01373215298649332,0.0020553522744266085,0.00020969981371968876,0.0006962301858731822
46_7_1,0.10449840831126685,0.2480854309964756,0.33859965692273175,0.18978371337384164,0.08165608982371908,0.022847093661603746,0.011812899294315154,0.001984900322392964,0.00029343442787752044,0.0004383728657759433
47_10_1,0.05670691477820811,0.16277899386266065,0.30037667318209016,0.2568891593993106,0.14457352948733515,0.04872939491115225,0.022746699904946453,0.005450705436891084,0.0007012645594245388,0.0010466644779812914
48_4_1,0.03581621504244274,0.11614913365521126,0.2696864570465178,0.3017799024173934,0.1808168424180635,0.06155773472499617,0.027098898191109725,0.005823105689657871,0.0006231923636586436,0.0006485184509489487
49_1_1,0.07677887089946057,0.20711244209561783,0.35404449786342906,0.2208019458791101,0.09898740619538796,0.026255956856591586,0.01349535247678048,0.0018471182828472296,0.00022154484381191848,0.0004548646069633928
49_2_1,0.04025336114586301,0.12065811340827419,0.2760931475814916,0.29495901846627687,0.17444121483225236,0.059927686854066,0.02664561174075603,0.005823913056814109,0.0006019099658552797,0.0005960229483507958
49_5_1,0.04794995271758917,0.14264711229118346,0.3014875662851448,0.27779174830796044,0.1533831794056073,0.04833721248633969,0.022960817278378468,0.00441499968807323,0.00047779973401815626,0.0005496118057056632
49_10_1,0.06464967086593926,0.17994165496516326,0.33246478298746385,0.2464570390606945,0.12192039233920747,0.034005861275114124,0.017138222948165093,0.002503687479076377,0.00026290984392283995,0.0006557782352534354
50_5_1,0.011188067869471666,0.028319220307208848,0.08551802089222825,0.17679099373008011,0.29944728791964476,0.24136012619448374,0.10840962795013351,0.04151783096732032,0.006837735621065787,0.0006110885483627281
51_5_1,0.005422251107370945,0.016458189248549762,0.04563422784044351,0.10987858871184689,0.221170093224063,0.29181904450499846,0.19274582737840446,0.0978809312064993,0.017294928578246632,0.0016959181995773048
52_5_1,0.006091774576072759,0.01817842772343888,0.05262657166968498,0.12264227526632457,0.2557867514338914,0.29860789259156284,0.1654125455328951,0.06827223202893853,0.011447543076214754,0.0009339861009760958
53_2_1,0.00982286918689235,0.02527733287875592,0.0774334694290702,0.16231781910651427,0.29981839855225056,0.2565732135768848,0.11714170821562903,0.04369609033667183,0.00734797388491911,0.0005711248324121352
53_4_1,0.007921380635025054,0.01926979794293348,0.057785762655890284,0.13251695364295885,0.27221789505128335,0.2872096969316328,0.1482911428979008,0.062207091992581565,0.011798486834623678,0.000781791415170665
57_9_1,0.015497733276136605,0.04944057141413748,0.1405454370239752,0.2779557814337164,0.28801105602426086,0.14838413930953337,0.05516807721735772,0.0221266566395838,0.0021857872598747626,0.0006847604014237066
59_3_1,0.009224251622071395,0.023964916384553447,0.0721470049192079,0.1560069992189523,0.2970459736678166,0.2664213972144201,0.12137461628180073,0.04587258889017964,0.007333905515798426,0.0006083462851993747
59_4_1,0.009873744851399302,0.025807500389687665,0.07843064725642977,0.1657877456563574,0.2939159530429034,0.2543786275254114,0.11781429533655971,0.04598354948871629,0.007390910051972974,0.0006170264005620326
59_7_1,0.008655716569005613,0.022457561067185983,0.06549157655335978,0.14453252228108404,0.28838995762132,0.2805782987329611,0.13143569224340165,0.04971332681141529,0.008063406213244004,0.0006819419070226207
60_3_1,0.015303352074156468,0.053436347562313975,0.15059499505019253,0.29373723789339995,0.27742863958131336,0.1374735632257982,0.04983004386024408,0.019435609988432218,0.0020903249227732855,0.0006698858413756001
60_6_1,0.028321083666739483,0.08833491246641766,0.21385510819668072,0.2990133519797626,0.22183201391551888,0.09518475645168993,0.039501726847050216,0.01195450320580655,0.0013895802542249485,0.0006129630161085959
62_1_1,0.009252158536178447,0.02281682594254648,0.06947700979321289,0.15767543242037782,0.2923127921742387,0.2618647233359469,0.12428320948419905,0.05304475946412355,0.008533049428013353,0.000740039421163519
62_5_2,0.01346622996463811,0.04172110181637222,0.12258433469447579,0.24334378237063695,0.29981631475691056,0.17751948509775464,0.07029647764589994,0.0274336451622734,0.0031263400194830103,0.0006922884715552551
63_4_2,0.002123078258157431,0.007267529616177344,0.018609524937332395,0.04868972456024037,0.1262385718507074,0.26656043623237097,0.30883958737878064,0.18106737850954624,0.035274983511419375,0.005329185145268155
63_7_1,0.004038133841618153,0.013180520333872356,0.03439653650234243,0.0810554551617308,0.18065098430365006,0.2896652851641986,0.2460987209076183,0.12600955768578098,0.022221456476002804,0.0026833496231855117
64_1_1,0.010121012301202359,0.028429971955949148,0.08693140189854917,0.1872272782368516,0.3001700538730236,0.2353426175324839,0.10461963466462856,0.04027428167031167,0.006279565697253226,0.000604182169746986
64_8_1,0.010784098889001387,0.0278053198347055,0.0827474536282278,0.1803227455647321,0.31099777242179943,0.24143244557318147,0.10199868383124751,0.0374830309748468,0.005796121328043201,0.0006323279542152284
65_1_1,0.006855965375381495,0.018772875133422975,0.050216730959517536,0.11742156857783904,0.23883321628522705,0.29478662629350766,0.17702580415521196,0.07995096839861246,0.014577771870269584,0.0015584729510103494
65_2_5,0.02156689463501937,0.027046386907883316,0.07044754621639554,0.11960275244141903,0.1807273536751538,0.24417962085429304,0.21189987042814679,0.10156349403634372,0.01834926650578704,0.004616814299558848
66_4_1,0.010682618378577698,0.02536739272485651,0.07766894667646533,0.16362388944518155,0.29655683519525855,0.25667735211289355,0.11584324829812992,0.04599162524375864,0.006962554882312869,0.000625537042565741
66_6_1,0.00940968175758535,0.023656049012821395,0.07069952490031843,0.15439928371804268,0.2949974588511485,0.2638738423532672,0.12617614819618297,0.04713178001299665,0.009054647861566222,0.0006015833360709315
66_7_1,0.01094431306024247,0.027586427762824058,0.08108675196321083,0.1680591267912297,0.30199504659933113,0.2518392628864401,0.11018958678075907,0.041555023609687346,0.006134572298460628,0.0006098882478148714
68_1_1,0.02616777634676741,0.08866928403881402,0.22120588439867533,0.32046424219298336,0.218947468234599,0.08171520178082962,0.032331143736797095,0.009062323540547734,0.0010180730569164594,0.0004186026730697688
68_3_1,0.0309494599737582,0.1044367056037431,0.2519857169742085,0.308599773205786,0.19640479964762758,0.07021484962957251,0.02928642363489201,0.0069006310565731584,0.0007529944534206366,0.0004686458204184227
68_5_1,0.031461977757824444,0.10363677271555204,0.24097644965507675,0.3118782427386939,0.20323767374791923,0.07100435914331106,0.02933381474059386,0.007263629244311385,0.0007622640025197444,0.00044481625419731224
70_8_1,0.013847914881618264,0.04786669715432092,0.13612708136487225,0.26377818624805194,0.27869195427547727,0.16410489781253476,0.06760405311941163,0.02417655356557262,0.0031543006785377504,0.000648360899602931
71_3_1,0.04070067619288758,0.12636678707995638,0.2728895641729547,0.28939912111638805,0.17603953848059678,0.05988545771159169,0.027326068469160147,0.005990084675772434,0.0006588860006400814,0.0007438161000522416
71_4_1,0.050056709220698783,0.1493858347195429,0.3083132529435631,0.27349054035854975,0.14745262703177017,0.04506459815804964,0.021230101908793025,0.0036638221333068106,0.00038875447492637795,0.000953759050799561
72_2_1,0.012871995448090215,0.037144932677238014,0.10679081142509682,0.22331745360709537,0.30679491793637603,0.19923727997862742,0.07930039660321361,0.030051852818805846,0.0038622687279580644,0.0006280907774982739
72_7_1,0.013700785880068888,0.04131171385366718,0.1196103375665794,0.24030206073356505,0.30657726271087815,0.1792990993253246,0.06855250737573583,0.02704353924905653,0.0029319630183423087,0.0006707302867818912
73_5_1,0.014855107503065443,0.0466243459373844,0.13158041943697818,0.2566245209997303,0.296679819390488,0.16298329206405288,0.06263605874305471,0.024440879121214672,0.002854317232540758,0.0007212395714902886
75_4_1,0.08921117058559803,0.2312470161461534,0.34002013267257036,0.2021789113719724,0.09385720811635785,0.027730538277841735,0.012982372088335225,0.0020438588146299685,0.00024605941461384334,0.0004827325119275027
76_1_1,0.052053504065566886,0.15625826287644176,0.31455050413058366,0.2676930573285232,0.14125794785507148,0.042986374140193365,0.020421047170783975,0.003553842425422029,0.00037449696272698547,0.000850963044686615
76_4_1,0.050456477617223515,0.148074082484757,0.30441937943796576,0.275699662340309,0.1485362938029716,0.04588873979866078,0.021852169670130196,0.0039467841807467995,0.00040403334578150427,0.0007223773214539797
76_7_1,0.08093867181743777,0.19688046427534137,0.32768184662518646,0.22866107479683379,0.11344256761809995,0.03272925017005446,0.016073447662715526,0.0027615861652411614,0.0002949536400045451,0.0005361372290854087
77_1_1,0.05042830183733639,0.1497013248393758,0.30668940707453796,0.26554067245119617,0.1523050887187933,0.048966947289473636,0.020897057547044396,0.00423349482111045,0.0004157234561196784,0.0008219819650121918
78_1_1,0.06615364063036196,0.17906873919095706,0.33011837882077094,0.24645102584393577,0.12085321400256319,0.036856339791518984,0.016618785696600302,0.002949864569874378,0.00035717551105499167,0.000572835942362929
78_8_1,0.014353023197198198,0.0488307752972848,0.137678288584861,0.2832812231863058,0.28092410658742856,0.15237341108526303,0.05868442625980286,0.020813440603527824,0.0024171406530048333,0.0006441645453231088
80_4_1,0.11726643827410718,0.27558271190140804,0.3412730394139089,0.16767038248546737,0.06763127495725357,0.019455462274021857,0.00934242570393319,0.0012741566888677415,0.00017338157640575406,0.00033072672462710527
80_7_1,0.12563987379076,0.28796430248357274,0.33289049460861975,0.16225001433679723,0.06209871844361903,0.018305735095656497,0.009228877557476155,0.0011185647734071544,0.00015020917737781117,0.0003532097327144569
81_6_1,0.024698271839217873,0.08282747522698684,0.21277873766300218,0.3187002740361158,0.22669574305641094,0.08850540063144277,0.0344396091188101,0.009899276271273698,0.0010117641645894556,0.0004434479921501336
81_7_1,0.024295364321631575,0.08386179636517457,0.2119763245404735,0.32019991062795367,0.22419190650568513,0.08835894814604504,0.035227003334041794,0.010301803350360666,0.0011602644784308475,0.00042667833020262116
83_4_1,0.016945151289622082,0.057261738950927614,0.16243604366223938,0.30289541204169695,0.2687180218837182,0.12609507790023494,0.04604913525853483,0.017318918770977212,0.0017063420804793168,0.0005741581615692088
83_8_1,0.019882319735562003,0.06446523842732951,0.17298006255947432,0.30702867868542794,0.259256129895601,0.11548612550265498,0.043127833869556036,0.015640460113049908,0.001605324852269178,0.0005278263590747758
84_3_1,0.013404154311390436,0.038068317867130295,0.1116299641560081,0.23125863360523458,0.3092525693694431,0.1868306192404512,0.07551212977247565,0.029780233242247548,0.003450295395958849,0.0008130830396603808
84_4_1,0.014397377102184384,0.04329817992952577,0.12364961992078595,0.24791850980821684,0.30276802294980815,0.1718092968294675,0.06592869783220735,0.0266496833015616,0.0028736592386252244,0.0007069530876171148
84_8_1,0.014383880578090482,0.04193269639386205,0.12335163255561676,0.2446383225925602,0.3032494855166288,0.174359152893472,0.06751678536140825,0.02678489176775998,0.0030933278363822693,0.0006898245042190021
85_2_1,0.025808709084338494,0.0913537466811247,0.22246912102458494,0.30532111886919067,0.22039535421658255,0.08696588053144827,0.03531561212767064,0.01070047775410099,0.0010976695240173379,0.0005723101869403802
85_4_1,0.027187464652307484,0.0903652697887316,0.2244463605166251,0.31886166934906174,0.2151724245020947,0.08131055557029783,0.03257469947801811,0.008695785868097598,0.0008874390283978406,0.0004983312463679878
87_1_1,0.01755912848983827,0.05789349203305439,0.1604520409346395,0.3022877269480793,0.26862975188728677,0.1268511445450136,0.046821433306018206,0.01730296020660659,0.0016677140317220278,0.0005346076177410968
88_3_1,0.018101366594221225,0.060842167413908604,0.16447687882431974,0.29066926562232726,0.26759401505948865,0.12801258596532283,0.04906103131274195,0.01860858537445657,0.0020303400980273604,0.0006037637351858161
88_4_1,0.014178821683450629,0.044501645814473294,0.1279537249564392,0.2650064315791868,0.29843661016450973,0.1616268555329419,0.06003929479900704,0.024849380180654853,0.0025102223249445004,0.0008970129643917293
89_6_1,0.02001842172873062,0.0663629574717218,0.18062152564053574,0.3157302822911392,0.25321596256159407,0.10829740871717043,0.040508234222089747,0.013402894789801124,0.0013633212059387092,0.00047899137127840316
90_2_1,0.017234673072393358,0.04865156689171564,0.13710420008403276,0.2594688999900095,0.2883412334420691,0.16011569625478736,0.06244290376536795,0.02335750826184843,0.002626227080267296,0.0006570911575082367
90_5_1,0.028955694283141136,0.07249322341277302,0.16842485697189902,0.23429505443527013,0.2388404091261504,0.15798640420178078,0.06896073582582073,0.025926367792522005,0.003620386630238808,0.000496867320403821
90_6_1,0.016332205996920864,0.04996380114396038,0.14415035078360625,0.286395999017059,0.28365380177038285,0.1426143677196376,0.05298129674188376,0.021021757265239388,0.0022254118128107367,0.0006610077484987519
91_3_1,0.041485934341959844,0.1329031670326853,0.2934640794305986,0.2879340505100573,0.163482243089209,0.05224170609988987,0.023043268029667927,0.0043494883858408604,0.0004594130406798113,0.0006366500394119013
91_4_1,0.03708956437597058,0.12237006015670569,0.27716706759190685,0.29810020659653463,0.17634986237238726,0.057690020851464435,0.025074277532049338,0.004978547875549264,0.000503802688012827,0.0006765899594194017
92_1_1,0.015270225348903746,0.0471987484749957,0.1349671502620184,0.2683460097248555,0.29436544434798173,0.15505494115015722,0.058398569418978086,0.023351714280563787,0.002349930293187137,0.0006972666983586865
92_5_1,0.015486604507117138,0.04681709108609613,0.13223326055893342,0.26089217725161995,0.2954420009252572,0.16058252636812997,0.06111477153916384,0.024232592692227137,0.0025723032901822838,0.0006266717812728797
93_6_1,0.01810843249602866,0.05270279511010204,0.13543459436473312,0.22275184952345542,0.26108315454653785,0.18874146818922047,0.08525014453791553,0.03130606114670276,0.0041630421728820755,0.00045845791242200525
95_2_1,0.030398545738797602,0.09572502705143064,0.23330954967964135,0.3083544101647921,0.20756332823533338,0.08166831737681386,0.03239391764270546,0.009288124269756483,0.000882754724759348,0.00041602511597023357
96_1_1,0.0690348417959413,0.15004262198752105,0.26035258523313975,0.24770226341709342,0.16492519275625928,0.06878201520671737,0.028424276793991086,0.00918552498991289,0.0010844825392321796,0.00046619528019166255
96_10_1,0.037638316357848325,0.12582136499691363,0.28389962337203317,0.2974611623777956,0.17170733661214024,0.05482125700938441,0.023247201510040373,0.004514452037294014,0.0004699988947246192,0.0004192868318258832
97_1_1,0.19353439825583665,0.2529296395790889,0.24701044602432967,0.16951599259422687,0.08813124596162603,0.03076175900880026,0.013920775146064915,0.0035417372877776182,0.0004250471711307275,0.0002289589711194682
97_2_1,0.17012194308879855,0.2563508247549806,0.2736364919345479,0.1702420155198169,0.08310420092153979,0.02849574181929987,0.014054868914594901,0.003073792470235415,0.0005851248851600502,0.000334995691026315
97_3_1,0.24426297923565343,0.2746479196840905,0.23459640388951403,0.1291189529108881,0.06621185186484567,0.027450098320670753,0.016241234489268196,0.0059258442233757385,0.0011110946227893906,0.0004336207589048772
97_7_1,0.2545466063568174,0.3457319715094246,0.23302711934188872,0.10564766048133742,0.04120580724330307,0.01276669100219097,0.005624855135738277,0.0011259714246204938,0.00017686508300685598,0.00014645242167270415
97_8_1,0.18306416873099646,0.32407305326406743,0.2808847957666616,0.1348324590488832,0.05151400508557413,0.015994489944639985,0.00775866575957624,0.001388392406411624,0.00027468161732758617,0.00021528837586231708
99_1_1,0.012739288584495079,0.033881066276665685,0.10052704582912347,0.2028231835987982,0.3083932514304647,0.21300658758126625,0.08945622059236115,0.03395541509360936,0.004595043955833929,0.0006228970573819081
100_2_1,0.04753146293946635,0.12429654861164949,0.24175181603015847,0.25380357560019956,0.1858682456923616,0.09245059010897465,0.03990077311196181,0.012335123166957658,0.0016014090706100905,0.00046045566766031
100_7_1,0.024326318239056555,0.08155233043580601,0.20496356323438292,0.30601156162698845,0.23230902643894435,0.09784837759480211,0.03886149880805439,0.012164315700778519,0.0013835951590780724,0.0005794127621082447
101_5_1,0.010495779446214559,0.028007634752932855,0.08227549233353551,0.1733599441279198,0.30410451838044056,0.24486103616763888,0.11053938167090527,0.03941106317545934,0.006345784927323577,0.0005993650176293117
102_7_1,0.028461025672356196,0.09573900667978759,0.22492446626911988,0.3049557216883664,0.21631696590508587,0.08328512978409548,0.03515380800100031,0.009511730052391669,0.0010435457386940138,0.0006086002091022188
102_8_1,0.02954792107495824,0.09997612424513037,0.23746567126034257,0.3021910692376877,0.20520115330626462,0.08005574643700532,0.034448935740196564,0.009330104510866445,0.0011089738916808891,0.0006743002958666242
103_7_1,0.06822011785056831,0.1767520358654429,0.3070586216906344,0.2462772539709612,0.13104979351781856,0.04356131891543914,0.021393611072568878,0.004593443175844856,0.0005138369367744607,0.0005799670039481487
103_8_1,0.1892684061732696,0.3211421247602764,0.2837278087397219,0.13090887424238942,0.05178455274586874,0.014975772077070402,0.006694510002052876,0.0011395490305560433,0.00015673761255338806,0.00020166461624194983
104_2_1,0.04115757396915866,0.12755879577793625,0.28288805622910596,0.2992376379913955,0.16627144243696695,0.053788285191838536,0.023455710368233636,0.004615956083644638,0.000483564333051366,0.0005429776186684689
104_4_1,0.03852710565818178,0.12299439588194433,0.2779757211066416,0.30220494490643873,0.17235704436583407,0.05576759447660008,0.02436543770515913,0.004797182479512577,0.0004941455622700867,0.0005164278574176752
104_7_1,0.06157811288962271,0.15448105316874386,0.2842526306247978,0.2554283219873211,0.1566674023011388,0.056806060033246134,0.02337545009174713,0.00633744237841381,0.0005781215538370615,0.0004954049711319275
105_1_1,0.0508653122256603,0.14716776925957986,0.316550629602366,0.28097144088945,0.1410720400215706,0.04153117023951603,0.017985990417524213,0.0031027653200469706,0.00031254753242061675,0.00044033449186545447
106_10_1,0.053828311837891815,0.13571542199445985,0.2779505257347999,0.2708873355828709,0.16621167839300935,0.061853616899940705,0.025925556608617843,0.006429000073332953,0.0006469292771794332,0.0005516235978977849
107_5_2,0.03855055674857947,0.12271212384738586,0.2778928666596816,0.29305745442596454,0.17490141069089193,0.05971525303112791,0.026415404200619042,0.005442985567976008,0.0006015784952327008,0.0007103663325413693
107_7_1,0.03597522009007431,0.11743089333505433,0.26788708251498317,0.29416329188773926,0.18304856239485956,0.06453493061051159,0.029095018204693297,0.006451938150134717,0.0006823670651248681,0.000730695746825358
107_8_2,0.02855811334839191,0.0902012520599362,0.22435958926053923,0.306321938881906,0.21810367841940662,0.0889853601206538,0.03278389116264083,0.00917543438172481,0.0009741664318510665,0.0005365759329490903
108_7_1,0.02236868157271882,0.07892949887257848,0.2037431100918874,0.3199850789019419,0.2302112022814846,0.09419420975865617,0.03721939272181082,0.011630573112375068,0.0012627918656450841,0.00045546082090136314
108_10_2,0.016250191830297203,0.055825118644244116,0.15782677142709756,0.29275798395040753,0.2737404392003584,0.13261399612498403,0.04976431213985527,0.01857163419507173,0.001959222136316255,0.0006903303513673181
109_8_1,0.010585493985228867,0.028785272068939445,0.08796554001559476,0.18691848631536323,0.2990524738945209,0.2366329404371913,0.10313113047345898,0.04001618794687407,0.006270677417741278,0.000641797445087462
110_1_1,0.0161727584757282,0.04828465250307703,0.13699201519665277,0.26254979194797995,0.29017842998664584,0.1585595615407928,0.060917426222002906,0.023016715866387864,0.0026524605007349675,0.0006761877599977881
110_5_2,0.0060004227592116675,0.015361129379444217,0.04497960013043178,0.1143858382156665,0.24932047441328542,0.2996462946182079,0.17134759114105294,0.08309399075488344,0.014710216171531494,0.0011544424162851753
110_8_1,0.010194986875128289,0.02658352022024519,0.08227266499464272,0.1757895391935423,0.30622352556599725,0.24338267106380074,0.10725748342689964,0.04098849635042742,0.006700451940272122,0.000606660369044622
112_11_1,0.002010570384495547,0.006377086338443543,0.014598916176931548,0.038344311324789514,0.08696060715829008,0.22364845907762823,0.308171783293835,0.24254815965548468,0.06137088876029729,0.015969217829804396
112_12_1,0.0015837789184792997,0.00482716185523372,0.01197024061364934,0.03476333577911213,0.08057541408528045,0.22059926512959585,0.3111469927468319,0.25437980491403056,0.05531190452800842,0.02484210142977821
113_5_1,0.004983195239182315,0.014863747277310524,0.04089771305198282,0.10385512010231482,0.236392304487393,0.31236315377485396,0.18742946508664424,0.08362280981331552,0.014198259717761943,0.0013942314492414317
113_7_1,0.0021876159978978667,0.0066120079451402695,0.01562379232229416,0.04501988653610099,0.11663714332431716,0.26338135065271334,0.2982604439162481,0.20398549191285595,0.03845020885301861,0.009842058539413997
115_7_1,0.0031340378803707707,0.008714165721974016,0.024521319845806577,0.06575582120190981,0.1652100751656326,0.28798280528563247,0.25614870203437207,0.15283205468645214,0.03209593076661778,0.003605087411231876
115_11_1,0.009919152217463282,0.0267036109457155,0.08143335701635168,0.17273385881147502,0.30040445666821713,0.2463651399755298,0.11313074496770734,0.04189660155991564,0.006794540161021657,0.0006185376766027225
115_12_1,0.004703792136683571,0.014680402639963458,0.03933776668491453,0.10061080005416709,0.22935367363752016,0.310600307553602,0.19542574276984945,0.0886584333571164,0.015059110102690128,0.0015699710634938244
116_3_1,0.0038856865971924944,0.011755687109138132,0.030755628060186464,0.07924582589206751,0.18943787498954717,0.3151469986815024,0.2300197192122735,0.1170676847467142,0.019956488740667515,0.002728405970710543
116_8_1,0.0022556383994176248,0.006603592829672765,0.017049630281589487,0.04501229799798362,0.11839099696161297,0.25193091487080954,0.2985452561417141,0.2031601782529845,0.04802365919129106,0.009027835072924461
117_1_1,0.005875817365819946,0.017010323215206936,0.04903504688613135,0.11708188051454071,0.2526936756811604,0.3055075662254779,0.1691836049264655,0.07051268287076595,0.012000973039860119,0.001098429274571195
118_12_2,0.02273289219494606,0.07596259080120582,0.19384003618319032,0.3056288521861203,0.24070243828060775,0.10459294553573108,0.04129945900197899,0.013148513266987086,0.0015470114682154298,0.000545261081016686
119_3_2,0.016258595409668362,0.0535091093093892,0.1503985055095441,0.2874778965878354,0.28097138848881614,0.13768618647231148,0.05127265433294014,0.01969406274194102,0.0019968832206522695,0.0007347179269014465
119_10_1,0.013590389003421282,0.04294231093006547,0.12634645916329335,0.2620967297442453,0.2950371605514188,0.16545664154872966,0.06461893424389067,0.02606797192105319,0.002849662101019071,0.0009937407928629538
119_12_2,0.015130437406868166,0.051965649464533824,0.145053980083555,0.2814065006375082,0.2799149444219517,0.14538321084765174,0.055966808364897334,0.022161778225298336,0.0023887539690611243,0.0006279365786744164
120_2_1,0.04702535726946068,0.1455556291349916,0.30783173231027566,0.2785307722883335,0.150016268235253,0.04536518836606644,0.020840340847423727,0.003719519785011001,0.00038738550593095557,0.000727806257253523
120_3_1,0.06676517451903495,0.18422712771388675,0.33824425932478874,0.24011101941818574,0.11616329987341324,0.03480339654826481,0.015961114654241618,0.002714894011290973,0.00031934517853983343,0.0006903687583533881
120_7_1,0.046625886885755904,0.14011986823182176,0.29925781646921634,0.280319168087812,0.1558632341167625,0.049946713325259275,0.02238913523886018,0.004330990516634079,0.00045307511772278643,0.0006941120101554452
120_10_1,0.08016673000089097,0.19853095272129231,0.3348832727563944,0.22916721210487812,0.1081776854883407,0.03173961310207341,0.014217706394373999,0.0023290650009325804,0.000267503504098793,0.0005202589267252559
121_11_1,0.05590000903932896,0.1668419578786443,0.32810112328268115,0.25695174692883577,0.1324399537080008,0.03792208630793945,0.018078319902177634,0.0028822573447567917,0.00030449652254895096,0.000578049085086291
122_5_2,0.013099454523546144,0.03926467582360428,0.11338974481162462,0.23537343494337065,0.29477823172783857,0.1892248921021155,0.07974540747404066,0.030200725189631385,0.004275863532855246,0.0006475698713731038
122_15_1,0.03534952784462253,0.11550492492388482,0.26645941843430876,0.2913120352259323,0.1863971386779581,0.06903454831766195,0.027694790763105416,0.006988875313030715,0.0007715620423820514,0.0004871784571138096
123_7_1,0.020128670426372584,0.0634418615943857,0.17295679552167273,0.3008276847513815,0.26084754538746663,0.12034482812376321,0.04365880709326406,0.015578990898691816,0.001626783176647496,0.0005880330263536514
124_1_1,0.008405132503012057,0.02062404564512829,0.06269314044995536,0.1476314658444098,0.2805796714610129,0.27287868465318166,0.13660391574953812,0.06002712342840611,0.009626385232450995,0.0009304350329056167
124_7_1,0.01257234262258401,0.03478024489471997,0.10392568814128411,0.21941719061169623,0.30490229928810636,0.20273756086784261,0.08440134816654601,0.03217887842953997,0.004365962232915483,0.0007184847447649534
124_10_1,0.005234703826445434,0.014691790241647152,0.041296990517609204,0.10231249175067944,0.2261788727756755,0.30437779957672867,0.19315248677891994,0.0950345279896077,0.016236918737777457,0.0014834178049100565
125_1_1,0.012401521896360818,0.0327332243487968,0.09662428757824311,0.19305718445658923,0.3064861299590335,0.22233159845102496,0.09564316799591076,0.035122924401981566,0.005009384882915649,0.0005905760291435195
125_4_1,0.012226879530778237,0.03390795498192013,0.10297040640787411,0.2183038357537877,0.31020922089437775,0.20314554868248694,0.08252186671418164,0.03166376071247563,0.004269848857904857,0.0007806774642130532
127_7_2,0.030248930221923185,0.09924807339835617,0.24027358385209727,0.31095828307842144,0.20545909654443645,0.0749249173746158,0.03019582307821154,0.007469298031449619,0.00074126667924676,0.00048072774124145826
127_12_1,0.05990451774147916,0.1434310082091806,0.26864570762640344,0.26379248419067686,0.16335010383785414,0.06287429501638325,0.028913173433156306,0.007678438985823015,0.0008404333578826648,0.0005698376011607434
128_1_1,0.010637756942401298,0.027459233193337165,0.07829818581646787,0.16332143593202456,0.2971238850965872,0.25965584037593326,0.114774183200976,0.041281194950864235,0.006848009782998122,0.0006002747084106735
