psu_hh_idcode,subjective_poverty_1,subjective_poverty_2,subjective_poverty_3,subjective_poverty_4,subjective_poverty_5,subjective_poverty_6,subjective_poverty_7,subjective_poverty_8,subjective_poverty_9,subjective_poverty_10
1_7_1,0.02000086956475595,0.06808217624798954,0.18207226938179932,0.31019790242197615,0.2501540514067778,0.10923303733708827,0.042897929846084024,0.015217027809577966,0.0016314343300707602,0.0005133016538800992
1_8_1,0.02681993616694806,0.08987567087206914,0.21714659423547417,0.3161320109046518,0.22033521837237702,0.08450662314598868,0.03405433381639529,0.009694179367486877,0.0009579291878980392,0.00047750393071063215
1_10_1,0.011942495259047782,0.036483496397122187,0.10994180425049016,0.23794000367412863,0.299505984180865,0.18566783606044024,0.08012606196281757,0.0327839883069431,0.004778068063549293,0.000830261844596213
2_3_1,0.021851016072154516,0.07310397224284775,0.19439154049699459,0.3204913153400036,0.24149549440549592,0.09746927927958561,0.03792216679030747,0.011657550788687734,0.001156722521186262,0.0004609420627372427
3_1_1,0.018755089373971145,0.05773733863299328,0.1575792378885011,0.2847508532036367,0.26690094521942137,0.1371650745243598,0.05425251311025699,0.019859882717791995,0.002462677777710469,0.0005363875513570645
5_4_1,0.008793836111322097,0.022997914764885184,0.06529372854956998,0.14766440220040203,0.2517702232795435,0.2581869499603509,0.15520297997542745,0.07536248421376249,0.01349925751614886,0.001228223428587193
7_8_2,0.01110269088062836,0.029024653154878705,0.08647198081538256,0.19144430033026433,0.2770016420655438,0.23097286147026874,0.11488019041140465,0.050128810459193394,0.00813177075770408,0.0008410996547315323
7_9_2,0.032633565200037754,0.0999267071997555,0.23713463984186267,0.30474017058578134,0.2073129463191475,0.07726109692389502,0.03177407950185935,0.00791943196969142,0.0007056994221721793,0.0005916630357972599
9_1_1,0.024328132371398182,0.08202945396786203,0.21207593360614999,0.3225954393188713,0.22959077753132057,0.08527675803600014,0.033008692356427546,0.009683843278882257,0.0010376913075717178,0.00037327822551593297
9_3_1,0.031269027488312715,0.1041243223191089,0.2546198877310807,0.30746770010397656,0.19622303644449252,0.0692622304513946,0.029034606842598527,0.006783635382894512,0.0006669714375530534,0.0005485817985881081
10_6_2,0.030106608199731846,0.09583148536557,0.2422558231461765,0.31202808276185484,0.20489811193521817,0.07587011693592925,0.030000614959252124,0.0078126006010095,0.0007328605458972777,0.0004636955493604241
12_7_1,0.050586020551682785,0.14096593358360338,0.3028399435581771,0.2771550817890883,0.15290859231724957,0.04864843262190316,0.0215709719075802,0.004164103817577711,0.0003848527690601979,0.0007760670840774959
13_3_2,0.010695569356593332,0.027747642748873945,0.0858960762805905,0.1849597167869093,0.3041812848852488,0.23148026986652254,0.10555929042988857,0.04192824882609631,0.006856564511700963,0.000695336307575712
15_4_1,0.07096235848739067,0.1822963345046627,0.33473020103551987,0.24064753249979812,0.11858807813540737,0.03378060385039866,0.015839630752859057,0.0025264785010153017,0.00024286484890697463,0.0003859173840408223
15_8_1,0.06716129562972246,0.17821612649788296,0.3116806182389502,0.24873864233072196,0.13348306273411023,0.038441035486292054,0.01827938741669246,0.0031170013472043064,0.00029768727532655543,0.0005851430430967459
15_9_2,0.07258963007862407,0.19559495739342397,0.3431178306022964,0.23163791496273514,0.10752883134530308,0.03215764675216433,0.014318271540435856,0.002222660242022133,0.00025070461502001146,0.0005815524679746412
15_11_2,0.2586849990165348,0.20337714580386002,0.25313791559852794,0.16319711824266153,0.07448798563684303,0.026203308268690932,0.013570693196701289,0.006273313805988491,0.0007820600764073834,0.00028546035378459577
16_7_1,0.01299073553494123,0.03905393180864444,0.11698713464585478,0.23588372907181973,0.2927968558327613,0.18632393757880125,0.0786278809124465,0.03262504915555368,0.003943182018032268,0.0007675634411443015
16_8_1,0.015512032179028181,0.05003506154124946,0.14018520693732558,0.2679381988804797,0.28991179724324123,0.15250684135119774,0.0569364460729595,0.02352444489126167,0.0026002680237724946,0.0008497028794849338
16_9_1,0.011616359949317517,0.032590620613970944,0.09951177367041622,0.20939110944924005,0.3124732651412685,0.21280735722332894,0.0832230672709991,0.03346499550010978,0.004337820437135985,0.0005836307442128028
17_3_1,0.014421797044439766,0.04593645899138416,0.13225903022764704,0.27105549269809426,0.2930407643162165,0.15625122519068976,0.059269773485279106,0.02433229481239665,0.002590117152321271,0.0008430460815316004
17_6_1,0.014590304515093905,0.0432624225415537,0.12473182613197026,0.24863093749109627,0.29700072775374603,0.17089999018100507,0.06991910988982955,0.02697521089977488,0.003299626732912169,0.0006898438630183847
18_2_1,0.010796694847977907,0.025917086584832712,0.0801057863920676,0.16995780015467818,0.30381671604062765,0.25110757171954673,0.10928918739402235,0.04202906770207923,0.0063603771827887,0.0006197119813790077
18_8_1,0.010948732612814914,0.029059615081249778,0.08991114224122329,0.18465256859239287,0.3058875336062081,0.22978988000223674,0.1041068680106496,0.03851273865375835,0.006528453401970585,0.0006024677974958421
19_3_1,0.07009187903412377,0.1792412915335267,0.3150103309315291,0.23940388711764202,0.13164842163674717,0.04039913435105659,0.0195500392250355,0.0035243976228284857,0.00042988429687390643,0.000700734250636684
20_3_1,0.04932696994726652,0.14664534682783315,0.3148978216656298,0.2832070494520657,0.14238906104461047,0.041391541805554294,0.018388020038556,0.003018408821844276,0.0002918366516064974,0.00044394374503325707
21_1_2,0.14335242958002886,0.2940967288173082,0.3160891541542118,0.15595561527419333,0.06192535355243279,0.01844181420821108,0.008550532871877051,0.0011811257442685072,0.00014755816264335866,0.00025968763482490346
21_2_1,0.11695818211024489,0.2544805171461995,0.3270570948402631,0.18829440989031032,0.07946065833063956,0.021618017868321307,0.010011195487958527,0.0015888659556089534,0.00023323788898892592,0.0002978204814648568
21_5_1,0.09854082953808692,0.2109008787289423,0.30029973426861695,0.21752833463874982,0.1131547887864734,0.037006845501127636,0.017404233631656506,0.004131401943670027,0.0006536697954515442,0.00037928316722470496
24_6_1,0.033239228152930525,0.11345079191300347,0.26282800865207673,0.30486593462646333,0.1881170332187559,0.06354530521651858,0.0270497443780812,0.005788432137560507,0.000560190120919111,0.0005553315836904954
24_7_1,0.033144031502742206,0.11045746982869391,0.26216564749708693,0.3131156287390016,0.18669688244901742,0.06194195901152731,0.02588114474741586,0.005599601449415721,0.0005499054490846288,0.0004477293260144495
25_7_5,0.022326736601537396,0.07160791175402335,0.19145094108868196,0.31883386010872355,0.24361597520003656,0.10050183012811423,0.03719634291226954,0.01268146988843904,0.0013429597373531472,0.00044197258082152803
26_1_2,0.0122543016079186,0.034624443041183006,0.10624005277261873,0.22038292575550153,0.30401789191978534,0.19881372714410495,0.08597641508968108,0.032760328378794744,0.004209245532745069,0.0007206687576670531
26_2_1,0.012201474324801691,0.03322907934793048,0.10078128040019334,0.20829540026856383,0.31248331125341466,0.20965641354232037,0.08419498615930068,0.03385478001477355,0.004579348474515169,0.0007239262141862543
26_3_2,0.010416056540519558,0.02913812008940509,0.09064124061464209,0.18858530664730058,0.3046744349705927,0.22900063229470088,0.10251805119584798,0.03831960886312987,0.0060708486873671495,0.000635700096493923
26_7_1,0.012917488425818476,0.034218746785530066,0.10339356380965813,0.2110382677939795,0.3126545736667396,0.2028140587630263,0.08487656152264882,0.03296093528574805,0.004396133598757622,0.00072967034809358
28_8_1,0.026765129586214256,0.09402163453711787,0.23230732360862277,0.32039339232544983,0.21119962336231585,0.07603731965348143,0.030213223591273188,0.007868074261552557,0.0008154634111774965,0.0003788156627950096
29_1_1,0.10307911582955516,0.25556429893907695,0.3598543004960675,0.17687360990300263,0.07224821258594114,0.021087123726419386,0.009523089051806538,0.001242214675035788,0.0001620934713271677,0.00036594132176804325
29_2_1,0.11593414079542118,0.2758732738137889,0.3436231383938217,0.1675393681259108,0.06661267188336358,0.01893818345684958,0.009804751364913739,0.001177318138183975,0.00016368494963950528,0.00033346907810670554
30_1_1,0.018042133747366646,0.058464222821989396,0.16134987157676955,0.29741644787207233,0.2676996073520425,0.12777171143842853,0.04870461545305164,0.01807156790395327,0.0019143703750975545,0.0005654514592288208
30_4_1,0.016890383179368633,0.05308032310505047,0.15221390747789926,0.29848039081315164,0.27704890110012637,0.13214114492369725,0.04830428457876297,0.01919155217610387,0.0018961558805432074,0.0007529567652968884
31_2_1,0.0269465381294283,0.08610857171821859,0.2165574900222203,0.3080576618659382,0.22438037771964123,0.08928218897937645,0.03640609356663583,0.01061280104091871,0.001128824829253232,0.0005194521283688941
31_3_1,0.018509974175416243,0.06569262337279577,0.1759522263323012,0.3192657977996977,0.25869045695942844,0.10825327017902941,0.038509515321992635,0.01345795345329745,0.0011946041754034426,0.00047357823063775786
32_3_1,0.012817168441186943,0.04059955840283714,0.12054198211232241,0.25134183270742944,0.30267347464111316,0.1724534946777887,0.06834612188464376,0.027039684461592908,0.00326161809269549,0.0009250645783905587
32_7_1,0.01458964151469619,0.04855456691179672,0.13675965754246214,0.2799169840986885,0.29157190032627084,0.1490511030491766,0.054030545933206914,0.022615483740723544,0.0021732475126041858,0.0007368693703741833
32_9_1,0.013928563364417786,0.04395605021939581,0.12800754459194447,0.2608508328980231,0.297838730494796,0.1634523419916243,0.06288686908841046,0.025423599223916387,0.0027490400944157416,0.0009064280330558417
33_5_1,0.026432806061993427,0.09283771533745763,0.2301232886292247,0.3205227638178828,0.2125441434260857,0.07738570987118576,0.030773498014519268,0.008139954893562259,0.0008294752212668184,0.00041064472682160105
33_8_1,0.0327849220513289,0.10655606466691261,0.25405520565542905,0.30431571533661517,0.19515088812660553,0.06957840072108457,0.02926141911319289,0.007081653340670435,0.0006844743012013138,0.0005312566869598108
36_1_1,0.021357828655515627,0.07607859262437343,0.1989478326825504,0.3185920868176909,0.23785167091786852,0.09656416965285385,0.03699815922233188,0.01185447729958913,0.0013278305843316658,0.0004273515428945367
36_6_1,0.02397074640842362,0.07538327779519527,0.19302140449016444,0.3014882698894991,0.2425832486274456,0.10646451302696941,0.041476581721250946,0.013540688068967004,0.0014991698304859546,0.0005721001415993761
38_7_1,0.0891045766663757,0.21918419656331342,0.3364082734819757,0.20834562488377775,0.09968319116364546,0.030009199556733784,0.01369402256012724,0.002869841549510053,0.0003731842010685599,0.0003278893734724698
38_8_1,0.10202897827751156,0.2502197945527146,0.3490136684055495,0.1837211442382932,0.07995977449756766,0.02278924515263764,0.010092671406269306,0.0015448419040841367,0.0001930623067404179,0.000436819258631689
41_2_1,0.035604396696868,0.11235577097301906,0.2627048877052266,0.299122389593857,0.18609501155173044,0.06881845317050578,0.02761596000034118,0.006486055026891773,0.0006509953359446773,0.0005460799456153715
41_9_1,0.023844159008889768,0.08188991240337755,0.21131174914322431,0.3217626841251329,0.2289714775288539,0.08719944461179252,0.03349472878334925,0.010039789986104978,0.0010745305178067655,0.00041152389146783977
42_9_1,0.09376238962449357,0.2348733578755741,0.3606503603526889,0.1889951964864839,0.08308565539090366,0.02435382662701675,0.01174494746401385,0.001880866185473084,0.00027532322290482595,0.0003780767704477695
43_2_1,0.011024675356627614,0.029499475264510088,0.08958302818973157,0.19294486794946505,0.3006272984514738,0.2285160817298818,0.09960984730452499,0.04096916112708616,0.00656773162022681,0.0006578330064722384
43_6_1,0.01219196269541288,0.03399451965043389,0.10100515198494696,0.20817828904482946,0.3112304559457691,0.2064738012840814,0.08802626292116704,0.0335707986471693,0.004638109611103983,0.0006906482150861344
44_3_1,0.03875107292006825,0.12062118257555184,0.26315857602185805,0.29107149229042634,0.18122517859705897,0.06680054020362268,0.029445374415423362,0.007496849047267783,0.0008925133624313136,0.0005372205662912976
45_8_1,0.059686542913711824,0.1740875857712486,0.3346060522338126,0.2508253493580101,0.12469155862517023,0.035102984341552436,0.017638093857297556,0.002447562519789546,0.00025115201153990075,0.0006631183678668904
46_3_1,0.09279064506589008,0.22309928833307652,0.3317290501080734,0.2079868208455204,0.09950643200738464,0.02818836226350213,0.013528719027880087,0.002078100724724496,0.00022176931666686783,0.0008708123072809746
46_7_1,0.10008686121929813,0.24269862616905447,0.3410336215837406,0.19574019879974666,0.08280076115077645,0.022963759244301437,0.012057715216363046,0.0018693047672224733,0.0002910121531859638,0.00045813969630979014
47_10_1,0.0585063198680277,0.16520666467632386,0.302117987627529,0.2547351026500232,0.14236195097391766,0.047681098133647536,0.022579562306532564,0.004895704353598653,0.0005605577235336443,0.0013550516868659726
48_4_1,0.03552342048782806,0.11715302890001965,0.2730374369603983,0.3025641016834437,0.1795872017532426,0.059190654253443456,0.02634811604392694,0.005443272929914807,0.0005665636321326819,0.0005862033556498588
49_1_1,0.0761371882647814,0.20452927320706138,0.3517081765783854,0.22439615664659399,0.10061631473308724,0.026378520452007788,0.013889285255665728,0.001672787689485497,0.00018477255962683818,0.00048752461330473586
49_2_1,0.04159985467012488,0.12281850914195616,0.28095932320427924,0.2935709792026472,0.17191135571721017,0.057151058351198304,0.025567786613848953,0.005390565938911994,0.0005010826081189488,0.0005294845517043271
49_5_1,0.047614289845740745,0.14276425143239582,0.30307855491858987,0.27768729056925695,0.15303076654572279,0.047368651977270824,0.02313965595454041,0.004355600336708996,0.0004499469347582438,0.0005109914850155642
49_10_1,0.06255720605348417,0.17637611301095615,0.33131360434683776,0.2501161811656243,0.1241116759361926,0.03451518920160478,0.017672675028865197,0.0024208638491082985,0.00023760807190891653,0.0006788833354173719
50_5_1,0.01069683613567679,0.02761002128161675,0.08329637723306535,0.17206280924551276,0.2998590613038677,0.24517758601556403,0.11096049203642311,0.04280764981087424,0.006886757594142769,0.0006424093432564913
51_5_1,0.005573243494690919,0.016384114161710733,0.04648114021349228,0.11004793361807286,0.22279884017934945,0.29061019600281784,0.19142634020167462,0.09773297195664968,0.017220823536353964,0.0017243966351874755
52_5_1,0.005840428482358485,0.017791484738374126,0.049847107520794756,0.12070060061299398,0.25204324125550964,0.2995255837497721,0.17047601530193465,0.0709871743057245,0.011711199060110561,0.001077164972427633
53_2_1,0.009400976085018768,0.024543643099274103,0.07567262497126578,0.16032572945676288,0.29753237038211755,0.259224835883213,0.11908333016105009,0.045972488234941156,0.0075730093061203655,0.0006709924202363153
53_4_1,0.007356148399022836,0.018166364685185777,0.05558147696707884,0.129527768052707,0.2689723078653696,0.28980454259956967,0.1517516064062293,0.06574080010871794,0.012234675016340499,0.0008643098997788513
57_9_1,0.01543797264594406,0.04908554930976067,0.13938733140274343,0.2769153502236644,0.2873890155056348,0.1490292577028647,0.0566188468018601,0.022995687953348592,0.0024281226685687143,0.0007128657856104062
59_3_1,0.0091994433974474,0.023511260805948158,0.07288150426179238,0.15658159139875322,0.29725921179358755,0.26453958143929923,0.12134270324934703,0.04661811282686306,0.007420059983775591,0.0006465308431866533
59_4_1,0.00950114159555942,0.024918312298245964,0.07768695971568135,0.16501111512692926,0.29465587647608815,0.2545241550565789,0.11843015769815683,0.04719601628492542,0.007384298829443876,0.0006919669183907694
59_7_1,0.008765277730754192,0.022368170166334505,0.06579266334823274,0.14522844256703593,0.2884652872270984,0.27810754115268443,0.13197153182792581,0.05039639115277381,0.008169412008215407,0.0007352828189454692
60_3_1,0.015549192650349897,0.053670437497048806,0.15116453712109343,0.2950830850125299,0.275603039810158,0.13553752741586544,0.050527294727027196,0.01999510070743972,0.0022239486264210113,0.0006458364320667022
60_6_1,0.02730175793586529,0.08882396113003377,0.21505153980923591,0.30004073061001435,0.22053967016431958,0.09537198542552479,0.03931902838505322,0.011660632207003585,0.0013164125522851977,0.0005742817806644431
62_1_1,0.009411240126110292,0.02336471891369241,0.06979344687568396,0.15882908787364006,0.2915746864707522,0.2607054651297129,0.12416857763509352,0.052434229672460766,0.008996574744694567,0.0007219725581594803
62_5_2,0.01348967688929413,0.040481746155312366,0.11858019213422787,0.23463811185025402,0.30234029735279444,0.1834433647868511,0.0737039261325681,0.029158666168533184,0.0034430881356053923,0.0007209303945598377
63_4_2,0.0023687572635782317,0.007731535056295943,0.01911544958384559,0.05154552700048584,0.12845960801611195,0.2661627624895881,0.3040441356567982,0.17924706533217097,0.03624672573483277,0.005078433866292536
63_7_1,0.004434537198219287,0.013541076707983768,0.03486008093924477,0.08427861541745536,0.183357355834236,0.28624310891752114,0.24581012251774334,0.12308831428529939,0.021783523916693373,0.002603264265603673
64_1_1,0.01037252598627873,0.028182836193326684,0.08680344457022267,0.18820160956114645,0.302001709469633,0.23369887582574808,0.10328485024528984,0.040340720896759934,0.006524461452344435,0.000588965799249857
64_8_1,0.010518423931188096,0.026938891596213915,0.08037729570681822,0.17561227325371995,0.30957193927712096,0.24465626059832504,0.10603944737036795,0.03934201405661525,0.006322525113014201,0.0006209290966162777
65_1_1,0.0075646000011876475,0.01957217123411438,0.05286606486694839,0.12248265604873834,0.24410846597590444,0.2918294745421669,0.17220035431528338,0.07438437744845525,0.013523254215492228,0.0014685813517092902
65_2_5,0.02053732111928595,0.031887377610503,0.08211904978595348,0.14257616113639035,0.2040747161676042,0.2424560233817759,0.19064666107264588,0.06838380670775698,0.014480086874328094,0.0028387961437560975
66_4_1,0.01043629966454963,0.024585554721707075,0.07632700082711195,0.16215394060017524,0.29372588875651906,0.25983331004515137,0.11799922843515132,0.0472382511360575,0.007004151660401709,0.0006963741531755704
66_6_1,0.008936838549067792,0.023016926064658876,0.06836845104717472,0.15073373302685783,0.29306750131952214,0.2662828734662352,0.1302269654369775,0.04960387496176455,0.009162293600595697,0.0006005425271457367
66_7_1,0.010502437385417025,0.026643419485056476,0.08003803820801082,0.16685541563211959,0.2998258381256617,0.2535974955261162,0.11206389083855753,0.043297005789030694,0.006481593158075233,0.0006948658519548667
68_1_1,0.02486306515504724,0.08621148151034182,0.2179765650842046,0.32359695682113315,0.22223094827389597,0.08233849217557271,0.03235016733761376,0.00906800630762299,0.0009693424911808961,0.0003949748433866623
68_3_1,0.029709235451388726,0.10226341353204449,0.24976777897558425,0.31076595245795974,0.19889848252738596,0.07118718726034035,0.029256229501669204,0.006979087878814939,0.0007024067696867432,0.0004702256451258039
68_5_1,0.030949599795966315,0.10318662592730032,0.24203946909120205,0.311078360171862,0.2035656734369311,0.07140969773202722,0.02935763745349351,0.007228763555380262,0.0007044155624083255,0.00047975727342836744
70_8_1,0.013829916947732897,0.04732149593162331,0.13518213925867795,0.26332093497781034,0.2781304867871455,0.16383044333798677,0.06927212884764247,0.02504781410189544,0.00340085775457721,0.0006637820549086081
71_3_1,0.04039762652175137,0.1260961372135534,0.2726566844999665,0.29259434308229704,0.17576068885026144,0.05913599388373203,0.02642453989644997,0.005655324836809906,0.0005462604120670848,0.0007324008031114752
71_4_1,0.04904503815877263,0.14935063430232204,0.3112680190546767,0.2745951200255751,0.14681554741145167,0.04355981410315471,0.020855230929156233,0.003423438638633912,0.0003391236020859273,0.0007480337741704386
72_2_1,0.012357289807554716,0.03455171565664838,0.10152041749719018,0.21312759271703977,0.3100298342789343,0.20584230930896483,0.08458311174843351,0.032900159983260846,0.004417161130360262,0.0006704078716130909
72_7_1,0.013867535679197508,0.04108216788416844,0.11712899300576188,0.23660224669215932,0.30713343793584175,0.18163126080442513,0.07059032037021255,0.028096880314529307,0.003169785764680171,0.000697371549023696
73_5_1,0.014427076065896716,0.04435125479805566,0.12655223382572417,0.25122126605820944,0.299906043520816,0.16791654078155777,0.06574194640054576,0.026117825342136608,0.0030329279261497237,0.000732885280908405
75_4_1,0.09212350520492554,0.23767654118366466,0.34108781340619887,0.19803766073948392,0.08939747055340713,0.026659223982209643,0.01247633669107909,0.0018155089721123947,0.00026662385247241683,0.0004593154144462918
76_1_1,0.051009797393054356,0.15356691013447057,0.31542335507860475,0.2701795529744148,0.1426734653091168,0.04256679303530643,0.02024212226331297,0.0032905578067290186,0.0003263578044124594,0.000721088200577672
76_4_1,0.04890265253710641,0.1452409907529193,0.30366307835351997,0.27903514033138666,0.15131997295059105,0.04514622089392557,0.02189544929298027,0.003764237879065832,0.0003591013136154027,0.0006731556948892672
76_7_1,0.08140520263959133,0.19761841993244963,0.3277741450118669,0.22774344907551528,0.11357360693145598,0.032537949887194065,0.015949101084808924,0.0025477109224026546,0.00027685161189129235,0.0005735629028237009
77_1_1,0.05039859398423357,0.14963879954873363,0.3071718240936685,0.2656946258340589,0.15299683355838822,0.047862091636041056,0.021278938986848902,0.00376968097530554,0.00038586378202055586,0.0008027476007014074
78_1_1,0.06722460897442037,0.18095935236707195,0.3296402830914539,0.2467157362124831,0.12007363422616514,0.03588091503422984,0.016062039108733446,0.002593041626916364,0.0002789550882504603,0.000571434270275201
78_8_1,0.013636005230234602,0.04783192371061272,0.1375587656489486,0.28226747636502514,0.2797444323659504,0.15226463982994493,0.060849016710463624,0.02232997435311949,0.0028216519652877496,0.0006961138204131571
80_4_1,0.11689663706272319,0.27773978233833196,0.3432834720404629,0.16714894917706097,0.06568490132213675,0.018514308684261568,0.009178184005058805,0.0010770112745152024,0.00015210428065642095,0.0003246498147919276
80_7_1,0.12550335335008192,0.28734325979428993,0.33445680802738087,0.16380911205483037,0.06137649250587856,0.017296986957574145,0.008774722253567185,0.0009957017043620542,0.00013455641593952035,0.0003090069360954603
81_6_1,0.02453345432635687,0.08121736662634806,0.21181656893061612,0.3204373244675494,0.22713873483091973,0.08907079025693786,0.03433564002115254,0.010011935168796393,0.0010038590737728467,0.0004343262975504146
81_7_1,0.023693154216402435,0.08347829210269793,0.2134787393686784,0.32349433084796303,0.22374274953692244,0.08641586403121139,0.03429000339068114,0.009907706978618987,0.0010770536557908057,0.0004221058710335147
83_4_1,0.01680047841870357,0.0560012267827938,0.15978048263898137,0.30161531503650624,0.26996646722773393,0.12741264630949348,0.04771395138719436,0.01822101650643847,0.001886124408851735,0.0006022912833033614
83_8_1,0.018825288628296504,0.062365496019464804,0.1695094970238881,0.30488150356034466,0.2607753807079309,0.1188557723386679,0.04538281757562805,0.016948684387061486,0.001913228295296134,0.0005423314634215301
84_3_1,0.01343550131413951,0.037268920227118967,0.11049052618124632,0.22860127893514312,0.3090877251814947,0.1884665670930207,0.07760149032890874,0.03058616428440546,0.0036480869594261596,0.0008137394950961443
84_4_1,0.014383517525831635,0.04283986264300553,0.12114764992107716,0.2423240248937148,0.30334027269500063,0.17512286376191358,0.06913686264178917,0.02786232125999751,0.0031056189771483337,0.0007370056805215713
84_8_1,0.014004359730185793,0.04015380718309514,0.11816275289174981,0.23645437994347146,0.3061068346834178,0.1810332653247778,0.07149992719625703,0.02848462864437377,0.0033917217271383377,0.0007083226755331053
85_2_1,0.025636847072643774,0.09195327788833044,0.22289648121404343,0.3066053656511544,0.22020786226496716,0.0852338723289476,0.03503833159270189,0.010743965600626291,0.0010722082613666838,0.0006117881252179198
85_4_1,0.02580472051968292,0.08742690567539753,0.2206286418692639,0.3221347596199389,0.21876479155951084,0.08230086611705233,0.03282182225487068,0.008818398830781178,0.0008679403983862024,0.0004311531551157853
87_1_1,0.017389913583388115,0.05709793589533088,0.15934733423020608,0.30191200183021366,0.26841216298805187,0.12748670235678172,0.048058927180548994,0.017907498006930395,0.0018669773745749374,0.0005205465539733088
88_3_1,0.018485884174345307,0.061328933960653274,0.1657362942644254,0.29377636239660293,0.2664052635363238,0.12534197437706243,0.048193557046661964,0.018202643932858982,0.0019378097587881128,0.0005912765522781989
88_4_1,0.013902041148457452,0.04392882579371248,0.1275929679724712,0.26392182349211285,0.29729643612380746,0.16257378092074187,0.061598122310200114,0.025582073477391703,0.002703541192313684,0.0009003875687910187
89_6_1,0.020336053938513815,0.06656512279992574,0.18038182748914267,0.3167644933973212,0.25197097461323426,0.10779214009531239,0.040809647238190534,0.01357195143383057,0.001353408995869834,0.0004543799986591612
90_2_1,0.01633991668933736,0.04735086401388522,0.1347354722611581,0.2564957491165967,0.2897220921286366,0.16277362391006292,0.06479852973045518,0.024272574683916043,0.002877142561168564,0.0006340349047840372
90_5_1,0.1234947204388196,0.11570168141453953,0.18744005094218327,0.20604545376056763,0.17995822627612093,0.10837087052889488,0.05293372364446183,0.021578238793780912,0.003798193430999623,0.0006788407696325064
90_6_1,0.015859575426350643,0.04827592644549542,0.13999169762690297,0.27930939151432477,0.28541588142254615,0.14805771207539017,0.05731047449486019,0.02256175871666747,0.0025371106712277847,0.0006804716062344693
91_3_1,0.039113318338919435,0.12783725399043927,0.2876100427741346,0.2915159846933374,0.1697174238452205,0.05453299684010409,0.02398510343580198,0.004648624065367684,0.00044822960265207307,0.0005910224140228243
91_4_1,0.03509386405885067,0.11843676966227486,0.2717864292384982,0.30039582866098496,0.1815302409640694,0.06030869676446321,0.02592785184041144,0.005356310119188901,0.0005132384073104809,0.000650770283947667
92_1_1,0.015246644855138545,0.04609509172709265,0.13301029333193184,0.2643755638153131,0.29474416930788,0.1573058152198013,0.06113529864432607,0.024686151288610205,0.0026517545999456492,0.0007492172099603545
92_5_1,0.01512523004185585,0.04549581350075942,0.1283359231186716,0.25533209673937723,0.29744956211366974,0.16478345445013493,0.0643834017962966,0.02562716201517579,0.0028104523981563614,0.0006569038259023301
93_6_1,0.11912369339814745,0.11661038343741677,0.17962956763759527,0.19163221393998997,0.1812656551486611,0.11981645353522058,0.061696331317044904,0.02503823982022936,0.004545275236703833,0.0006421865289911009
95_2_1,0.029735792370735366,0.0932681405250939,0.22919188378691616,0.31213649283660083,0.2092071078655725,0.08328612634713803,0.032576417270746574,0.009338566671536278,0.0008448046762793308,0.00041466764938124785
96_1_1,0.2552214521456838,0.1955234634683781,0.24286578833895475,0.1652105828469717,0.08583075028301979,0.030941742046466998,0.01635160143433609,0.006800691166488205,0.0008926094868672941,0.00036131878283365935
96_10_1,0.03644968967751657,0.12147100645727138,0.2778413568092885,0.3004849868716344,0.17687982172815622,0.057241325766030735,0.02377537788830512,0.0049251032042877604,0.00048420357946663787,0.0004471280180428343
97_1_1,0.20796330371102958,0.2548471219726553,0.239612110472079,0.16169256443720953,0.08723439926743694,0.03051828966414803,0.01369754043091006,0.0037401361630414573,0.00047109112207909903,0.000223442759410875
97_2_1,0.18490366801095634,0.2590547362028705,0.2618307786203304,0.16743681245563272,0.08264640299588447,0.02799420882616405,0.012611891651068812,0.0027534089937848467,0.00045501344622016833,0.00031307879708758696
97_3_1,0.4329542421881099,0.271428616982647,0.1694965878522875,0.07623438060502477,0.028858509543485823,0.011330659396758975,0.0067750783571783576,0.002420758756794679,0.0002689039133046291,0.00023226240440886578
97_7_1,0.25597117504263506,0.34806619410407347,0.23336692141791168,0.10382079967246667,0.0403158542220496,0.012085538576312203,0.005142262925953435,0.0009389781789467021,0.00014866709419695788,0.00014360876545393907
97_8_1,0.18238384340584474,0.32196213177395966,0.2845567132455261,0.1349568458722376,0.0515221773142165,0.015430731752627477,0.007450644691730947,0.0012654846491657733,0.00025330584407496585,0.0002181214506163449
99_1_1,0.012738890753223668,0.03340444636014351,0.09931317550544257,0.1992963188105768,0.30596851352026877,0.21591190676569041,0.09188634049817775,0.035792783861232455,0.00501134869034614,0.0006762752348979357
100_2_1,0.17614177620988217,0.17526270319822806,0.24909126292306583,0.19940128870195892,0.11793155408781314,0.04747936318882548,0.02382809283195211,0.009392191509327028,0.001037276979931633,0.0004344903690160608
100_7_1,0.024439781407726874,0.08219105795933163,0.20815545120492035,0.3079556793589421,0.23019562573677696,0.09542731336339007,0.037642997036760655,0.012060720184819717,0.0013833250754401465,0.0005480486718916532
101_5_1,0.01032596088972596,0.027086977508538092,0.08140311575683698,0.171631366522973,0.3031772838091235,0.2467126364461367,0.11247957805739554,0.04006713015881036,0.006466361822019182,0.0006495890284408638
102_7_1,0.02838717723895503,0.0958562983936645,0.22618936084391877,0.30759609951333694,0.21519306458632778,0.08193972720340781,0.03432151105138834,0.00902948949130921,0.0009361898574111304,0.0005510818202803926
102_8_1,0.029938791732212526,0.09953184083392336,0.24045591335273642,0.30256711207791415,0.20479456910754779,0.07832911094899411,0.0338654607726643,0.008875387645637283,0.0010128419194203096,0.000628971608950001
103_7_1,0.07331805285189884,0.18317426198891296,0.31156614158234236,0.2364677178866899,0.1270080215230783,0.04233302346539346,0.02052481414120085,0.004557158079107077,0.00047508755238610025,0.0005757209289904845
103_8_1,0.18343436156863185,0.32242014694453414,0.2876858327746393,0.1326885101178203,0.051309918350956434,0.014469792366267172,0.006672044578039901,0.0010003065184477386,0.00013346545142266404,0.00018562132924052155
104_2_1,0.039490493961779144,0.12380530249021408,0.2786281676669008,0.3031250479559935,0.1710746992658364,0.05501188860610124,0.023293995638671242,0.004637193406790118,0.00043218832132614946,0.0005010226863870032
104_4_1,0.03733630602934783,0.1202505622789593,0.27379173915014965,0.30429462354722653,0.17671088674025073,0.05737328312315469,0.02439861775476922,0.004875459965459041,0.0004570341327300499,0.0005114872779527117
104_7_1,0.2571859855515116,0.20714017195072248,0.2479123437555431,0.15610466739001516,0.08090722437384328,0.02890913903640061,0.014628509453929281,0.005875433755080328,0.0008641907002820178,0.0004723340326721474
105_1_1,0.050454138096284365,0.14536003981826762,0.3164212472886373,0.2824252594294696,0.1421180659221544,0.04190861822900509,0.017696156781386873,0.002905010235574085,0.00027607459879088614,0.00043538960042968807
106_10_1,0.053666301783529095,0.1357034335290329,0.27707083212799605,0.26646522023256475,0.16862427082649595,0.0636287227257558,0.02689878451932683,0.006650218408473998,0.0007983799523082805,0.0004938358945164174
107_5_2,0.037286481258456086,0.12016721462002054,0.2732879508017288,0.2955519027681547,0.17832991213683919,0.06179737582642421,0.0266654732569976,0.005660606899263667,0.0005716775179929031,0.0006814049141224698
107_7_1,0.035536508159447845,0.11553113618598101,0.26376351954806987,0.2945447318726121,0.18740817865413473,0.06608882256431314,0.029153509614917368,0.006565601245003504,0.000629944053550093,0.0007780481019706457
107_8_2,0.028728106777896983,0.09101358228002793,0.22428317680334398,0.30646351061329696,0.21723459742950826,0.0885873734197425,0.03268723443673847,0.009498504759438468,0.0009938365296333696,0.0005100769503729772
108_7_1,0.02167194852289686,0.07817861862833823,0.20320634560867745,0.32201785435942915,0.23120059932943984,0.09353053565083892,0.03687774553690248,0.011643504408010862,0.00125082864431631,0.0004220193111501478
108_10_2,0.01623995024065188,0.054598307862771936,0.15454175038423532,0.29228341311667333,0.27457285303984913,0.13433513605383463,0.05122289349030983,0.0194358478904973,0.002070962544995093,0.0006988853761819526
109_8_1,0.01020991859513736,0.027469265608997054,0.08487281097552334,0.18115166328731425,0.302239108547581,0.2403886023356888,0.10557458546084186,0.04102460172841302,0.006446863513470173,0.0006225799470330563
110_1_1,0.01606896104036511,0.04825532364520486,0.13593005418409057,0.2627758862063572,0.2895338510338935,0.1579065139771827,0.06199185551418866,0.024069859086047175,0.002811238238451783,0.0006564570742184652
110_5_2,0.006023032702236352,0.015436073056016802,0.04534694629960833,0.11431137916632358,0.24822997446874134,0.29932376061310684,0.1709728522193509,0.08429603209478334,0.014915332270260262,0.0011446171095720523
110_8_1,0.009745352641874466,0.026034856205821726,0.08219178371608153,0.17654048166802747,0.3060545951582698,0.24152767537186678,0.10809988825188835,0.042335183422730925,0.006813300410058948,0.0006568831533797893
112_11_1,0.0022056632395597276,0.006752326845317727,0.015496212348262787,0.039195664497660335,0.08992466422778292,0.22676041079147266,0.31205431690187574,0.23769627787543507,0.05621319237039594,0.01370127090223679
112_12_1,0.0018976082858269813,0.0055149800739000675,0.012295444006463794,0.03488696012783041,0.08369299625429806,0.22883986211333918,0.3084932341008785,0.2501664578799661,0.05230563103110032,0.021906826126396464
113_5_1,0.0051552799172405826,0.014894218053385318,0.03958511532847117,0.10427425989442844,0.23246169812131298,0.3158589817778224,0.18802940857887707,0.08387134520913499,0.014404986107665807,0.0014647070116613633
113_7_1,0.002132574750438618,0.006506120783849869,0.01684032846533669,0.050979496161551036,0.1256534114470732,0.27307521816054975,0.28221358488468523,0.19602564110262688,0.03647648639326625,0.010097137850622698
115_7_1,0.003073407277513148,0.008143379696656043,0.024138904623060696,0.0684723610693703,0.16854964633651048,0.29112670346643377,0.24790972672554332,0.15318679272297855,0.03193121236767739,0.0034678657142561474
115_11_1,0.009739395164690908,0.026481192876699852,0.07965535253141214,0.17028486847481483,0.3007643136889679,0.24860912683100708,0.11480368659766195,0.04211636967419626,0.006930844392098559,0.0006148497684507144
115_12_1,0.005120196650986498,0.015173598324378998,0.040406629104112655,0.1045100565715641,0.23468075291494664,0.3138065656259109,0.18836116138929576,0.08247169745267532,0.014036515812022143,0.001432826154107417
116_3_1,0.0038999138608275786,0.011557864649699464,0.029885510584826303,0.08057003742465664,0.19041484735091743,0.3219046324042203,0.2261890277149408,0.11350111882194171,0.019367650063353267,0.0027093971246164336
116_8_1,0.0029763364268642492,0.007723132301443349,0.01991361632351376,0.05301735598798953,0.13070189311696007,0.25839554021309386,0.2830795062775531,0.19191042118380403,0.044482933391731115,0.0077992647770464005
117_1_1,0.006198293134329892,0.01707395785320698,0.047507344754144,0.11589420206038156,0.25322499667513115,0.30790219156438564,0.16983112569383893,0.06984434082316789,0.011502295535108814,0.0010212519063054698
118_12_2,0.023013382663964393,0.07816951428763565,0.1983200208524568,0.30780945808077226,0.2382501544001046,0.10040635354498607,0.03960364435223737,0.012509152834036237,0.0013815648768996552,0.0005367541069072387
119_3_2,0.01615855067354736,0.05172256860427887,0.14729874162109488,0.28627101688471707,0.2824220124461179,0.13960259618851956,0.05304001381214341,0.020635552003402013,0.0020801934500463966,0.0007687543161325858
119_10_1,0.013383470752404323,0.04252150150468895,0.1261069088474278,0.26369037485421526,0.29463913267617653,0.1642411097534272,0.06501055565436047,0.026540694095437623,0.0028918676332713236,0.0009743842285905655
119_12_2,0.015836384487411027,0.05192334121018513,0.14470691918382017,0.28031329489340795,0.27895387725077514,0.14562432866894937,0.05711294348521064,0.02230953997658394,0.002587790033094506,0.0006315808105618209
120_2_1,0.04770855853966739,0.14450409816911333,0.3077658181656463,0.2800815561976002,0.1509300124559868,0.04430909610778002,0.02021538064997503,0.0034498998716017493,0.0003259087101927689,0.0007096711324362106
120_3_1,0.06616071399543749,0.18371471117017033,0.3356865064968216,0.24215312033959796,0.11700230539523568,0.03545602552286908,0.016122699888035358,0.0026608116446559813,0.0002911704353341606,0.0007519351118419047
120_7_1,0.048017807565201735,0.1421878244206931,0.30045748218741075,0.2793036335020279,0.15473593034759647,0.04846128756319977,0.021764304738087954,0.004024152739068456,0.00037893793478446894,0.0006686390019297724
120_10_1,0.07977466935491798,0.1979999774269944,0.33385116581245944,0.22966792244048842,0.10918467016221524,0.03177951986338952,0.014781952384524814,0.0021859310722588646,0.0002551332256801839,0.0005190582570706124
121_11_1,0.05614712810374071,0.16649527461520583,0.3273160195875322,0.25714378603606947,0.1332948331507255,0.03763128472195604,0.018245662598260808,0.002848867506730635,0.0002935343620659904,0.0005836093177125108
122_5_2,0.012647412248006985,0.037574119413635115,0.11022514598085197,0.2331103087982515,0.295600184096258,0.19173102621935845,0.0829250848152725,0.031114193354181002,0.004474861053304233,0.0005976640208807399
122_15_1,0.036210716152020005,0.11736081676676816,0.2712842666290393,0.2922416903013954,0.18331773315817826,0.06595648328536143,0.026131510228970953,0.006312946102339138,0.0006444712173733588,0.0005393661585540195
123_7_1,0.019391490349814,0.061380022208189236,0.16950974235147412,0.2981524789246368,0.26454661117300743,0.12237228308343463,0.04573806181412409,0.016588976467351566,0.0016665599247257295,0.0006537737032424421
124_1_1,0.008387855989548854,0.02146338801742225,0.06405456400819359,0.1494594611098448,0.2820343124808237,0.2693040836183841,0.13470038390576444,0.05982562173791136,0.009882962061029413,0.000887367071077959
124_7_1,0.01226240061851251,0.03421411337878455,0.10194699791299047,0.21304151633355609,0.30465794537218027,0.20656199441432174,0.08818011448058694,0.03377644189599556,0.004660423238906571,0.0006980523541653473
124_10_1,0.006153998583825772,0.015739535824336418,0.045507016658873446,0.10855337038190589,0.2363662032666471,0.29989097539103415,0.1825360559971026,0.08842025221513668,0.01545157045744313,0.0013810212236948013
125_1_1,0.012327470666287274,0.03219894272099263,0.09550283768717967,0.19185283072027576,0.30628684115884636,0.22269376383210127,0.09662979218461439,0.03663184506473463,0.005194423062681838,0.0006812529022862129
125_4_1,0.01237087897413684,0.03324997035699617,0.10151070614498048,0.21271050247931833,0.31075613325231816,0.2054117445084358,0.08554284798470652,0.03316676402137439,0.004545753398756787,0.0007346988789767755
127_7_2,0.03045138104974249,0.10055916762097619,0.24358191619477607,0.3120665957511875,0.2027214021192865,0.07275659542756284,0.029626175336988525,0.007065937899501044,0.000679964198516832,0.0004908644014622332
127_12_1,0.05720702427924222,0.14604873730937268,0.2759951971278867,0.2641991127242981,0.16059489595027324,0.060062755176586456,0.027494166881136952,0.006896880311140895,0.0009157536679324204,0.0005854765721299994
128_1_1,0.01043923081603011,0.027108538373489224,0.07815458299926716,0.16452968266295162,0.29710054670361136,0.25761034737839367,0.11486172102021937,0.04264337382049642,0.006870665454934923,0.0006813107706063916
