psu_hh_idcode,subjective_poverty_1,subjective_poverty_2,subjective_poverty_3,subjective_poverty_4,subjective_poverty_5,subjective_poverty_6,subjective_poverty_7,subjective_poverty_8,subjective_poverty_9,subjective_poverty_10
1_7_1,0.04403155741459386,0.08264120022991389,0.15339961614396183,0.25375622771502954,0.2304717195791868,0.14223245756402345,0.06352848922044102,0.027341096513067813,0.002270789664246154,0.00032684595553556883
1_8_1,0.04570153368233647,0.10084433905643299,0.16249343603889022,0.23597725559783062,0.2198069953091335,0.14045353360921645,0.0603508634126141,0.030640556149340064,0.0027043996188001055,0.0010270875254054764
1_10_1,0.010185650833013418,0.019430654408820927,0.04913250108765371,0.11811810701820545,0.21420761487743809,0.23805362349984036,0.149794140700968,0.1600198040694754,0.02740667629315582,0.013651227211428783
2_3_1,0.018684008963597953,0.07107445904372342,0.13494311404824894,0.1887530422109748,0.21301574656487188,0.21300789209468035,0.11552504034579063,0.040031970462984755,0.003669116852119554,0.0012956094130076538
3_1_1,0.06551513321719628,0.11094235762814132,0.2048628466421434,0.20837354341372066,0.19017364107448353,0.12662933531309514,0.06415236218496741,0.02451502367452315,0.004480939535849674,0.0003548173158794924
5_4_1,0.009803890262487043,0.03632731256796182,0.048828223527206574,0.1069854352344853,0.1802829153590537,0.26434357210035353,0.15406442036228873,0.15461549835848393,0.012385670848908448,0.0323630613787711
7_8_2,0.011575909839079272,0.029772978231171168,0.04639768928073297,0.09324587581147512,0.21445374497807543,0.2257715381800636,0.1666801560783018,0.16277222079428524,0.03946058504003234,0.009869301766783096
7_9_2,0.04832813831030223,0.12540425143839812,0.18061013824024594,0.21900380060892707,0.20230903237502187,0.12073713273883513,0.07097668189203646,0.0276115989831606,0.004753254093528746,0.00026597131954385713
9_1_1,0.0317150618098268,0.12188041305263815,0.23693373659846817,0.2032188089448537,0.20182676295266933,0.11812893706911468,0.056924610935243224,0.02432338457888281,0.0026555733792723818,0.0023927106790308083
9_3_1,0.026432351397003298,0.09231967270783673,0.1674185800192481,0.18704115920465647,0.23809171984168276,0.15811170385656695,0.09433427413072566,0.030055013274264603,0.005192831673462873,0.0010026938945526457
10_6_2,0.04836102811566908,0.1351802715132158,0.17880537255770382,0.21011987247532599,0.2041001935556831,0.12095942281367272,0.06996162742243067,0.027767664989342362,0.004430704726588983,0.0003138418303676048
12_7_1,0.04697987060390555,0.12655331813412737,0.2657730315920687,0.19409974566039678,0.21651557031887797,0.08062717962134874,0.051689398672326414,0.014392269086904238,0.0030896464758712987,0.0002799698341729421
13_3_2,0.011592683261830095,0.03587902293840049,0.11714691935520039,0.2534032600683452,0.2817742179432943,0.09816838149321525,0.1091808669369214,0.0794927702605164,0.013196760024872767,0.00016511771740382094
15_4_1,0.03209484751309606,0.10124399304724079,0.22205612059600272,0.2403072913614353,0.22447382320060932,0.10127867367445303,0.05320967129944391,0.02243622561316656,0.0020710786646694064,0.0008282750298828507
15_8_1,0.03477711803830678,0.05109098685366221,0.15380129780819027,0.2151159138894487,0.2045321561533726,0.1625903255134795,0.1303887098936762,0.042360923930330176,0.004445973552260446,0.000896594367273174
15_9_2,0.032075975679866094,0.10495738264582503,0.17398517097292604,0.21057921970519114,0.24265409828826787,0.12965675166572327,0.0729278622878753,0.02866234630947051,0.004241244138197183,0.00025994830665755924
15_11_2,0.1566017580435915,0.1744931452233328,0.21741820514194893,0.1891303478695022,0.13359549492706008,0.07337036038419542,0.040417842270346664,0.008901238602452032,0.005555341565672479,0.0005162659718978107
16_7_1,0.016851291266746605,0.039736172841818976,0.08715304616917023,0.15771442222348966,0.22357245213457974,0.23050255283098842,0.13841132765052686,0.09221842805784514,0.011040930806318263,0.002799376018516035
16_8_1,0.03687045151877746,0.11545947281420117,0.16459765567611928,0.20733158925828485,0.19707260343381353,0.1775221301705908,0.0701639804637479,0.027769717232118244,0.0019041442133366099,0.001308255219010085
16_9_1,0.04912538878318962,0.08556455042000934,0.15731855859061256,0.2123257555240102,0.21595798872875593,0.16700252134772844,0.0744672760314268,0.03322682826506436,0.004325250062696473,0.000685882246506253
17_3_1,0.019545401471023224,0.04734448845749425,0.11862818107958358,0.23315317754917245,0.23960118437803854,0.18471985655124337,0.10212294804397966,0.04814980162529339,0.005478845516259705,0.0012561153279119274
17_6_1,0.0361073551465715,0.10187208387167103,0.13595894464331332,0.19111414749561245,0.21232595040523858,0.16745517311612218,0.0998209977775334,0.04820741385704941,0.004548355001702457,0.002589578685185635
18_2_1,0.05005758583277986,0.1273403318000003,0.20226379410730197,0.22631760103677162,0.1988217997773978,0.1129743986085042,0.05459497180626876,0.024440971542204176,0.00262554511017134,0.0005630003786001305
18_8_1,0.030346236330972717,0.08921466791784576,0.19583678260204426,0.23139034940950115,0.2352534262858545,0.1277389661121293,0.06336311135697331,0.025108652330111753,0.0015355318719382717,0.00021227578262892908
19_3_1,0.03371827742927149,0.14778018704715246,0.2169646331347227,0.18108685631238522,0.2099840023382137,0.12180975246567201,0.06514614900952978,0.020550873698657122,0.0026843046211469505,0.0002749639432487234
20_3_1,0.03108844999842682,0.11175542403580721,0.24697217337516317,0.24257965246472463,0.20427980303611917,0.09195157454891065,0.05039605893043538,0.018658956087538123,0.001716294314643705,0.000601613208230897
21_1_2,0.030661205907781083,0.09409363794358463,0.17408521467682558,0.22205081489229786,0.23943296683523713,0.13156105344078414,0.07494018652578488,0.02852806917825855,0.004432469829052578,0.00021438077039369195
21_2_1,0.048900412270500015,0.12380824347098904,0.21703765960513646,0.24456751468242524,0.20448903670177332,0.09329151131870504,0.04965040820911707,0.0161813424163469,0.0017616180820576612,0.00031225324294921383
21_5_1,0.019063926370766753,0.031253079504071246,0.06461842268995342,0.13202845103203648,0.18596431850867864,0.22177816831039654,0.14954637465417106,0.15090181507298783,0.031702897380837744,0.013142546476100254
24_6_1,0.04475246717199921,0.11897048281209852,0.2005908199059146,0.23592740037026738,0.19668364952530878,0.11870173896884832,0.05695721532125023,0.024460939121333347,0.0024381597738921384,0.0005171270290876724
24_7_1,0.028988390848637424,0.1684752770644308,0.28936086944202416,0.20376252255402913,0.1709043601209457,0.0759190496328853,0.04326288824403547,0.01655242536794978,0.0015130483450536496,0.0012611683800085995
25_7_5,0.04431499909200803,0.07527806049086862,0.1804898857076227,0.2470468726798215,0.20623077193156208,0.12512420251402606,0.0816765255304196,0.024718157490597924,0.014569093460143116,0.0005514311029304243
26_1_2,0.03903972713838267,0.12280252860923033,0.2011393240042864,0.20653432977820102,0.2271616976807462,0.10885312726823014,0.06560857273095788,0.024222550126938105,0.0044438742139981105,0.00019426844902907628
26_2_1,0.049982303873745935,0.1179864848845115,0.20408799097819105,0.23543794954559583,0.19691150086706563,0.11266866625819762,0.05535036296839134,0.024283360506754628,0.002814637130722025,0.000476742986824508
26_3_2,0.04614812739057852,0.13857934059495278,0.16279427055469553,0.19523923539317492,0.23033198433211693,0.12464899527505592,0.06692416209976594,0.031317115633679206,0.0035346123475978554,0.00048215637838247555
26_7_1,0.042892601342965415,0.11127634085692778,0.19175369850339516,0.23907172333335447,0.20181799570840528,0.1251090198756867,0.05902019990689055,0.02599683290987677,0.0025079413971937775,0.0005536461653039031
28_8_1,0.041942697495656905,0.08937485878211864,0.16890100838825567,0.24676364937486064,0.2168970599330871,0.13815684784879115,0.0634276177725338,0.03078135323365993,0.0031322484329660664,0.0006226587380701572
29_1_1,0.031151156722834947,0.1143421447268186,0.18517129122114256,0.20973288599919257,0.235350715998497,0.11141478518654895,0.07055787265567817,0.03962522622467999,0.002191399232680232,0.00046252203192712044
29_2_1,0.06394530490357134,0.14298182484308036,0.1798787071993075,0.225468567231774,0.1772132054582228,0.12225206383493246,0.05694823067878483,0.02772479193461482,0.002661761381133662,0.0009255425345782488
30_1_1,0.059589024896045166,0.12758036835720135,0.18134084045951665,0.24133038460942857,0.17411094630842439,0.1257544342036609,0.05934340100361378,0.02749666880609096,0.00271545009675842,0.0007384812592598913
30_4_1,0.049966819082954556,0.08702991869871708,0.16529093480138812,0.2542145749040797,0.22461332591621133,0.13017967645040265,0.06046726507751535,0.025474827789380795,0.002490134683883362,0.0002725225954668537
31_2_1,0.056001875104587505,0.13847460527995767,0.2041601200701543,0.24681869285758545,0.15662104834567292,0.11554296494750194,0.05688736647184479,0.022787959819772274,0.0021883860848907455,0.0005169810180323538
31_3_1,0.035709887832324504,0.10724863311866577,0.22227275009403377,0.23161884732612503,0.22828441211822909,0.0975233775249799,0.05144892390678317,0.02273077959315691,0.002246734569396868,0.0009156539163048571
32_3_1,0.0294570941581896,0.05407709153530724,0.11917987036042367,0.18021494042102307,0.23203256845936482,0.18997490305054845,0.11215809148679881,0.06823040490185547,0.012385332815432038,0.0022897028110568604
32_7_1,0.04376233389016269,0.1203924797853845,0.19328928438103404,0.21053303156792802,0.20946794357267387,0.13364432371626042,0.06032388908734479,0.024008040710225276,0.002927766789007598,0.0016509064999787352
32_9_1,0.025510826113747238,0.07086380567791094,0.1494893626648067,0.20477139651017942,0.21568081516350981,0.18716164149193937,0.10004589410835256,0.039319506360669075,0.005525573486451064,0.0016311784224337018
33_5_1,0.04149602348404721,0.10112372132393309,0.18284361487055745,0.2260883855896583,0.1930860141099933,0.1575143825259553,0.06722917724861717,0.026939725721100063,0.0028925706934591748,0.000786384432678932
33_8_1,0.07087610335091697,0.134803334691192,0.17975732561736532,0.21121579338815136,0.16708991106231255,0.14221347050168598,0.06184121240185188,0.027547409204077427,0.003490175659403231,0.0011652641230434045
36_1_1,0.04900314133365517,0.09656660597468887,0.19517599684351114,0.22243670675624347,0.19759796987898126,0.16459372524751753,0.055105597919775394,0.016907483135345194,0.0021270491388384236,0.0004857237714435818
36_6_1,0.04261830252220205,0.06457017902178784,0.18943123236935397,0.19741338146130763,0.19381445984449647,0.18972213487810372,0.09703703583121785,0.02300906210449504,0.0021615463410918512,0.00022266562594370584
38_7_1,0.02808884938339632,0.06824241642430194,0.1591227154799398,0.2323707774018062,0.22726020818113649,0.14888370263701348,0.09033364097730767,0.03887470217872921,0.0059146045084884,0.0009083828278805913
38_8_1,0.030338371770122025,0.08569979711967828,0.19377747644778354,0.2340191273421925,0.20671636780040745,0.12928256323645182,0.08340311041695461,0.031117604551897465,0.004998765479779165,0.0006468158347331232
41_2_1,0.019313385440636988,0.12218742116333867,0.15981374662504158,0.19529685702935903,0.2600011900431399,0.1469963225011902,0.06066269166704036,0.030784233690204395,0.0010122690392972648,0.003931882800751486
41_9_1,0.023094477613907986,0.06266017438706609,0.16225186284984702,0.24694229986903135,0.21480844994519543,0.15421158452928244,0.09399013531589775,0.036420269884788664,0.004911859711427573,0.0007088858935557875
42_9_1,0.06589083712458024,0.11171665010329145,0.1529884657280075,0.21434527709300263,0.18386681262874977,0.16397766624489568,0.06776586768897963,0.033861342556528236,0.004030107015864185,0.0015569738161006763
43_2_1,0.03765801184198992,0.12430496877891285,0.2376036155972041,0.20691281624479238,0.20665829113088682,0.10969498353184191,0.05353794349829144,0.02018789666124752,0.0021956450429253278,0.001245827671907727
43_6_1,0.030870760966048794,0.07901963716154932,0.12143850528592323,0.19652875639990022,0.1981566003846954,0.2116948142652025,0.10594954820394906,0.047602758200143494,0.005344613287650652,0.0033940058449373187
44_3_1,0.014697387731063471,0.03296596327875259,0.09097541628181656,0.1615279056207428,0.2215996420026124,0.1795291585218261,0.13957765475357042,0.12939457042133862,0.02496829943542574,0.004764001952851343
45_8_1,0.06857407324121063,0.11529456419028623,0.2253495109075128,0.21300336163855194,0.1766843971052827,0.1142553559009128,0.06089303664488883,0.021300335452446258,0.004393964812464199,0.00025140010644362495
46_3_1,0.05057555849259222,0.07434848224809261,0.1394484170338242,0.19853785496793322,0.19829106525909224,0.17618041455576097,0.10634181017638608,0.04502393987234263,0.010057801262907572,0.0011946561310682495
46_7_1,0.05436250406740473,0.09954859477209378,0.20843888341208175,0.225387381899219,0.18426422461273576,0.13505666117245319,0.06702430516399657,0.022161474469580437,0.003443012860196683,0.0003129575702380891
47_10_1,0.030309209414597672,0.0706774047138252,0.16903891184279615,0.195047086581578,0.2599458167379407,0.13731690653933581,0.09943117585141188,0.028844344499650693,0.008684742243706823,0.0007044015751570334
48_4_1,0.03255923747234854,0.060434932261344915,0.1616872782943343,0.2130370244057804,0.2104724271217349,0.16948735109514135,0.10625708191686675,0.0372292213631929,0.008266845205835208,0.0005686008634206763
49_1_1,0.08079931730578332,0.12891545347488134,0.2016355149060955,0.23189963201862654,0.1655661100411076,0.10434403245017658,0.058539783466637206,0.024277943158074168,0.0037346234046578626,0.0002875897739597231
49_2_1,0.023116613299703912,0.069695908758775,0.11480845091810381,0.17649412573544807,0.24068685312363072,0.21354197230430885,0.10295554031215579,0.04969896669154482,0.005248123323234163,0.003753445533094955
49_5_1,0.020347398026945854,0.056047696912239826,0.13118783258244626,0.21207152891316883,0.2163558237644667,0.20733316727004852,0.10733242163809807,0.04245656108395033,0.005227424354921579,0.0016401454537139802
49_10_1,0.059256058730606624,0.10914123598739882,0.21297874257602625,0.21715332841660742,0.18184977146261128,0.12733991328722094,0.06516116122482252,0.022895474384087528,0.003931212003501275,0.00029310192711728034
50_5_1,0.030379970124374517,0.06731864464987915,0.13265281575823407,0.21471157462534043,0.20126686374677935,0.17807956545473794,0.11892854151776794,0.05026108475986393,0.005114003519170619,0.0012869358438520734
51_5_1,0.026187133525612697,0.05332129098838203,0.11594052654138644,0.24958370255210077,0.21353499588322658,0.15511029148104613,0.10735699680535506,0.07036332252596939,0.007501321233178536,0.001100418463742444
52_5_1,0.0407866654035953,0.1108306592714917,0.1796901279341615,0.2333226204487737,0.20996759870515122,0.13344878598241466,0.060704124419727404,0.028122336662033894,0.0024180553160213425,0.000709025856629211
53_2_1,0.08094588966411215,0.16738594746632063,0.19170996933236606,0.1903021191445618,0.16064040211972927,0.1247255636854683,0.05513344938632212,0.02465706495357889,0.0032204596010357365,0.0012791346465049751
53_4_1,0.025510825977325884,0.07086379068579264,0.14948933896042363,0.2047713942423747,0.21568080199909329,0.1871616371630182,0.10004592918009927,0.03931953066577191,0.005525572846495108,0.0016311782796053756
57_9_1,0.044639684097661066,0.11747256596194584,0.20500257841059985,0.22230725572590224,0.18053929073800018,0.14092419919372845,0.06261065854148769,0.02322548568685126,0.0026335953662604147,0.0006446862775628837
59_3_1,0.022650961134504335,0.06869916252840148,0.14028069651240285,0.2018423102727337,0.21771907363620283,0.19824984730361075,0.10282361544949695,0.040892584288291664,0.004950988005824926,0.001890760868530449
59_4_1,0.03861563286987331,0.09544070253452154,0.15547245652748765,0.22416861767967866,0.19817447323234366,0.15126228068473674,0.08980639991445068,0.040253843847016836,0.005273220894031156,0.0015323718158598688
59_7_1,0.02358870902060248,0.04852635239380939,0.1112840728969235,0.17576096986131964,0.23463730061658217,0.21498066659573184,0.12648073120471315,0.055888327610281084,0.006846843921681977,0.002006025878354809
60_3_1,0.030365468721062584,0.07418951111707259,0.156556213363426,0.20298729895403153,0.21767432458887986,0.1750869109212997,0.09620377463492674,0.038840065289278504,0.006559872867946324,0.0015365595420761722
60_6_1,0.02812778299002237,0.06940805650236105,0.16716248142542717,0.1845697297073762,0.24772262014175309,0.14960069820309516,0.10972593966040496,0.03375529830142933,0.009656363389846257,0.00027102967828431814
62_1_1,0.031127108416482495,0.03909081691564734,0.11341573584797446,0.1966544192123657,0.19158702200899794,0.18462050416708134,0.1465910667774588,0.07129111584968803,0.024468442706949894,0.001153768097354072
62_5_2,0.05750815206843333,0.12909436281649123,0.2567280953589865,0.20777312676804455,0.18124865378722496,0.08994796846318254,0.0629757785415435,0.011391934189072205,0.0033137390816028152,1.8188925418381675e-05
63_4_2,0.030210476817455947,0.05701290365879932,0.1338191277643857,0.2149603388148954,0.2296358420416619,0.15245317536820605,0.12372164845858988,0.04433815713475965,0.013632205636374689,0.0002161243048713814
63_7_1,0.07123240433397142,0.1006079881674961,0.18380629212191205,0.2528575076602547,0.17399522284620414,0.11977423132621175,0.06546884065123977,0.027800706352662977,0.004179432933551692,0.000277373606495371
64_1_1,0.03678021252773136,0.04983139573708738,0.15970508919304877,0.23937352128590822,0.19720452164311078,0.16930441124078563,0.1042882273074524,0.03333792890419002,0.009264430835049103,0.0009102613256363395
64_8_1,0.04608816100478325,0.06913971533764865,0.16997897123933964,0.23784176452401845,0.20204123160649543,0.16055150003804664,0.07971188449114645,0.02949569063225699,0.004837589952685755,0.00031349117357882953
65_1_1,0.03980344367601351,0.09179424193607108,0.17890512228801092,0.25262290317645886,0.20723695720708973,0.13498073355374243,0.06301250495586595,0.02832513660668536,0.0027986674118248055,0.0005202891882372745
65_2_5,0.03851589146241935,0.07139288477190926,0.30673501926301905,0.1797955681699982,0.11349263773445692,0.18830570404341118,0.08842701478574296,0.011621991635562707,0.0016439466982773182,6.934143520294971e-05
66_4_1,0.03893540594928119,0.09641083025000588,0.18371980485693226,0.26924104278631444,0.21572021133953242,0.10935981947411558,0.056265921044984894,0.027616133111179986,0.0023704874077913377,0.00036034377986202354
66_6_1,0.02211244714625385,0.043040722032747954,0.15835289914283185,0.2710521174159035,0.22907139532488272,0.1485401465807293,0.08725519602530565,0.03535466451512947,0.0049520928684063156,0.0002683189478094214
66_7_1,0.03649358432396026,0.08429005816307453,0.15083992134102298,0.26016620187624534,0.24124795741697042,0.1278178738027805,0.06081510245880431,0.03508242379405116,0.0026432881303525293,0.0006035886927379836
68_1_1,0.032168364195678485,0.10447813642892413,0.21789963259995704,0.21863752198230865,0.2158002685622265,0.12565226567189444,0.059055832063438486,0.022753921345937067,0.0022094490232155237,0.001344608126419652
68_3_1,0.0465922199392039,0.10878530563373108,0.18504127921963073,0.21741846651030616,0.19585338440600936,0.15065247443325916,0.06466922355606079,0.027003885578373788,0.003124866942481682,0.0008588937809432992
68_5_1,0.03977231219619277,0.10732918240224562,0.2023375789508818,0.26838015827943185,0.20214575328576717,0.1001750887831715,0.05338185342373367,0.024070185645110324,0.0021162300946676255,0.00029165693879778224
70_8_1,0.01269972577219817,0.022072422854036877,0.10068759481486429,0.19949921640083806,0.2164151778108675,0.21248593739847235,0.13425237561774286,0.08318993425800182,0.017078385309666905,0.0016192297633111845
71_3_1,0.05768786682323524,0.09768736965807136,0.20428767212859458,0.2249355346392514,0.1862293208116796,0.13306835179576415,0.06713360536913171,0.02436965357419583,0.0042979175989965755,0.0003027076010796707
71_4_1,0.08521254584440337,0.13630189264204615,0.22392413688121007,0.23374163014562574,0.15089938202711653,0.09131579025593756,0.05437602925863163,0.020436745208746193,0.0035949997078277545,0.00019684802845509417
72_2_1,0.044478527644489195,0.11593764079526671,0.1912184063148119,0.2338583577330105,0.17715520933798531,0.13921601440924683,0.06761862081131624,0.027151656985399373,0.003191152596996058,0.00017441337147782064
72_7_1,0.051309727807904895,0.08621296781551314,0.19863513657643117,0.2362375136393694,0.185199875459592,0.14149734549131684,0.07152294164044752,0.024956208061663095,0.004169077444371566,0.00025920606339035514
73_5_1,0.03768934769608105,0.09273750611640087,0.18859848398653975,0.29419486300430614,0.22029744458564954,0.08716495645539295,0.050460411013018715,0.026514259193879855,0.002133291737522604,0.00020943621120864337
75_4_1,0.03208099706807725,0.09207853432531696,0.1663576793117259,0.24033736814671566,0.18293810795537407,0.1527217756888325,0.09230932704508722,0.035890280921281326,0.004188011441932888,0.0010979180956563887
76_1_1,0.05249295366548986,0.12647217195239385,0.19843589575357568,0.23506304038968884,0.20204255700714271,0.11060953627340134,0.053215562555436156,0.01968317539297556,0.0017349267461937753,0.000250180263702418
76_4_1,0.0477481783900403,0.13180527091134822,0.2146348539494361,0.2303210128933306,0.18817319004210284,0.10875666701006735,0.053649453491232714,0.022125217770880636,0.002323843867769296,0.00046231167379180656
76_7_1,0.044257032458797724,0.1316606027297324,0.16859435999077807,0.21325677734922704,0.2170941557556602,0.12679564009699956,0.06669989442471046,0.028216565594090606,0.002976764630456492,0.0004482069695474256
77_1_1,0.04107117956783475,0.10443387539379316,0.21173894276100602,0.1748417282018761,0.19715184637188107,0.12138131099346267,0.10146862338408444,0.043193766716402585,0.002960388716606284,0.0017583378930529688
78_1_1,0.02537041395187143,0.1596015207851224,0.28991035149818434,0.20665727692263366,0.15899430267388984,0.08313470369963707,0.047062175373619404,0.023423135943022786,0.001807635227531656,0.004038483924487519
78_8_1,0.00999284513196391,0.019516757890565194,0.0501019646877283,0.11999928048574442,0.2127940630998361,0.23897533889107905,0.15082163964015496,0.1581067439585941,0.02664544991673759,0.013045916297596554
80_4_1,0.03302719168840794,0.0956140107110618,0.172897105453608,0.24916213435610302,0.20639253915370212,0.14604648228872158,0.06549789332681845,0.028598204221565372,0.002139923915232092,0.0006245148847797264
80_7_1,0.047133067969164305,0.11166195398893902,0.18266111797862478,0.2304294135793048,0.2120339414404012,0.12579119979021217,0.05854698139098574,0.028185562467996354,0.0028769868895949266,0.000679774504776718
81_6_1,0.06394521690346698,0.14298283000842155,0.1798796417970062,0.22546831349439841,0.1772134575127171,0.12225203668083517,0.05694721531569131,0.027723972185090175,0.002661771307799071,0.0009255447945740695
81_7_1,0.03958589432033834,0.09813611115187483,0.17588643137792165,0.24397349125498521,0.21062130625678388,0.13695039403151713,0.06269352280737032,0.028899687880050682,0.002629359511033285,0.0006238014081246931
83_4_1,0.06645097531080615,0.1330949327941923,0.2342089777371817,0.21897600576209988,0.1810978886969195,0.09002667083158714,0.05275008493508339,0.019901449067434532,0.0033037642975299176,0.00018925056716548433
83_8_1,0.04812498561602958,0.0916965285433806,0.16292512834142836,0.24838798677609406,0.22654503251605237,0.13325764464550388,0.060697062261219674,0.025778249560084517,0.002272777090751023,0.00031460464945587017
84_3_1,0.02253594424385612,0.06338835429432119,0.13731020007083486,0.22482602467785867,0.23592827246734183,0.17011989568541871,0.09613909203900683,0.04349578157540653,0.004951308126657287,0.0013051268192979806
84_4_1,0.03302632993072656,0.09194552743956112,0.18158547460348132,0.25915348047527825,0.19870322408912156,0.14098282825614036,0.06510450970563485,0.026838055750920638,0.002178544727497845,0.00048202502163755304
84_8_1,0.02917705983098789,0.09029028339528483,0.20233806418371103,0.23503069423082065,0.22851826228513,0.12605311897927457,0.0631606999270781,0.023817543192783935,0.0014253268339576288,0.00018894714097122365
85_2_1,0.05152687228985015,0.07385557108441479,0.19017719304556946,0.23406743254309456,0.19859567693364547,0.16791399984773198,0.06322157554083856,0.017580867875878176,0.0028582373704555994,0.0002025734685214285
85_4_1,0.08742293523205434,0.14594416124132023,0.20737493951979213,0.20194604261812177,0.15209541511542699,0.1177967043823825,0.0605524235059036,0.022534962527907664,0.0038966081383386125,0.00043580771875225294
87_1_1,0.06048681522309765,0.12602743931980248,0.17749026745869914,0.239785472801974,0.1772874144334138,0.12725845302134955,0.05964869653031281,0.028401041001304507,0.0028263211560987864,0.0007880790539471324
88_3_1,0.03263994851033269,0.14110438509512663,0.2529907051575201,0.20761615319229715,0.20269381208708248,0.08834472837769747,0.04775482202729167,0.02261032488822014,0.002328575165030102,0.0019165454994016335
88_4_1,0.027185619861721928,0.06533635151691528,0.1402854487723516,0.22087501827340514,0.24158068189689794,0.16040006308600593,0.09267204205840926,0.044253507671854146,0.006102636287677314,0.0013086305747614653
89_6_1,0.06445165304497505,0.13951894141124946,0.19046841783215543,0.234101454772095,0.16950513442492662,0.11666526846794344,0.05619250450780794,0.025698054038514193,0.0026939751149197555,0.0007045963854130026
90_2_1,0.032512315621280936,0.11331007110552944,0.19368693512231644,0.21136131567688304,0.24142423206176958,0.113763464326354,0.06529742047664332,0.025198619864680315,0.003244283562106987,0.0002013421824359392
90_5_1,0.20894560048837715,0.1718354732161237,0.12712545363145425,0.18930508164889046,0.1528794424557196,0.08553745394262323,0.04881124008182354,0.01199465436677886,0.0035183605816093548,4.723958659988382e-05
90_6_1,0.06444537054370807,0.14476421283664978,0.18145669456793792,0.22476276317431262,0.17620258908532796,0.12091616879082558,0.05651724313838467,0.027376866409086303,0.0026455244597870598,0.0009125669939799052
91_3_1,0.051609496825778645,0.12431220916606395,0.19409262416746698,0.22344923951171503,0.20601149016041465,0.11576458877972884,0.055182920661804635,0.0260905119964263,0.002845480368314159,0.0006414383622865825
91_4_1,0.041610786126269415,0.11852931362784981,0.19063491106552308,0.23262640613809654,0.20234909351699967,0.1266206355055926,0.05876418026811255,0.02596103899095973,0.002273829351630295,0.0006298054089661282
92_1_1,0.044660376705001406,0.1275700987563802,0.2331716895065098,0.2444231168044977,0.1725690772705419,0.10283534645242416,0.053105050630468095,0.019253795864877382,0.0021112206215817813,0.0003002273877175908
92_5_1,0.03607879313147452,0.10173754199511406,0.19212062983383726,0.253286217365672,0.19490846370793863,0.13186032612572662,0.062105728067023525,0.02526216861316344,0.0021769107462691773,0.0004632204137808801
93_6_1,0.2252488239042581,0.17018548144192056,0.1140194646632629,0.18332457106195676,0.14208964141983088,0.0973735503130682,0.04828625553619277,0.015848366876867432,0.0035080241623989634,0.00011582062024348306
95_2_1,0.019016237928901152,0.09781455240504938,0.12760217272855065,0.18806509358618725,0.2478485996856863,0.18358877738042903,0.09150610347982091,0.039729760953772744,0.0022696231321522363,0.0025590787194503394
96_1_1,0.1920520915321947,0.1498616647429422,0.11247753548264673,0.2083254474609295,0.1462062179828278,0.11493464716812374,0.05572968680431777,0.017118677689060766,0.003188548698398659,0.0001054824385583344
96_10_1,0.04209142361803203,0.09693941905436718,0.1676725363116092,0.23771939242945134,0.21939120649833355,0.13878895426830995,0.06269127017044852,0.031041351882852845,0.002927681431739272,0.0007367643348561235
97_1_1,0.017794643567688336,0.03275100040116809,0.07817123447459162,0.16698897192053117,0.19178606366987488,0.1923652917398231,0.14617724559149073,0.14167888630563155,0.025952095712028056,0.006334566617172749
97_2_1,0.012510541275602695,0.02786092299747203,0.08232053456744397,0.16342407833011793,0.21898718354153357,0.18931098527510812,0.14382678474387467,0.13331352270815752,0.023742942931075324,0.0047025036296142
97_3_1,0.22943689270922277,0.15892267030726587,0.11368534346495641,0.18915280813997154,0.14255243241985288,0.09729537037764427,0.04888029024355724,0.01607743455539263,0.0038934667602530215,0.00010329102188341833
97_7_1,0.04881735579694663,0.12690119945483538,0.22186202501925592,0.23724598176471426,0.18315945470838763,0.1048818816811882,0.05315434817862484,0.021157161576817872,0.0024454357093675497,0.00037515610986156377
97_8_1,0.03312404839643894,0.16167565377555915,0.1608122079372516,0.18635212459312045,0.2187827526904831,0.1474330969710222,0.05894314114337656,0.029589255264709766,0.001304437707805999,0.0019832815202323216
99_1_1,0.046887875194611614,0.11467146308529079,0.20526896924989885,0.24101605380656713,0.19404047065560454,0.11475682798897219,0.05636657657419984,0.023892136432469808,0.002657520427245245,0.0004421065851399978
100_2_1,0.14916682891404365,0.11686802889144786,0.10989154452401405,0.21173509440937935,0.1918476781898854,0.13287990462738025,0.06562895795299598,0.01964353442370792,0.002286634372456522,5.179369468919795e-05
100_7_1,0.04267433832873467,0.07488964713913115,0.18760760778564387,0.26447212308657003,0.20880113843465478,0.14713379411916103,0.05412654561913562,0.017927352153328847,0.002106133085633316,0.0002613202480068635
101_5_1,0.052024940703339094,0.12580445664133405,0.21285510737499425,0.23188391909944653,0.19151462444068484,0.10663147305455557,0.05330727091339,0.022802842860685627,0.002730947127517885,0.00044441778405223835
102_7_1,0.07696984799824218,0.13174716207583287,0.21852036053638552,0.22234034302536412,0.14293687442570938,0.1195631847225443,0.06320171576716567,0.020856945804110877,0.0035692636675804185,0.00029430197706450777
102_8_1,0.07122022995838571,0.07058035905008796,0.17406322065493587,0.21802381781587393,0.16303978152700324,0.15058469122497561,0.10883351388626832,0.03405920621530851,0.008894009806987327,0.0007011698601735223
103_7_1,0.012078253895906603,0.040897222968372275,0.10488987569004417,0.18318621799411344,0.2278768137031281,0.22987600229120247,0.13342580081732855,0.052979249710500595,0.009168582345248717,0.005621980584155012
103_8_1,0.060112933454681425,0.1533609521922668,0.18971113569312403,0.21600034215315586,0.19402608268571334,0.10634483943201495,0.05564382766656345,0.0216894275642033,0.002624203684418322,0.00048625547385867333
104_2_1,0.03889426958628651,0.1106254212877935,0.18412074860552582,0.23762764554133173,0.2048200760299564,0.13306943811814548,0.06094014375250702,0.027005149409943734,0.002257308960342575,0.0006397987081671655
104_4_1,0.03826460885469107,0.10038698949791139,0.16762605521557378,0.23674317953458074,0.2167412890735442,0.14292604033212372,0.06353768572692618,0.030491772454047467,0.0025054187743242745,0.0007769605362772453
104_7_1,0.125839402982616,0.25145670668998626,0.2071590051661421,0.15134027578832834,0.15341908078188346,0.05718427323661033,0.03612947461307101,0.01322117857903617,0.002684579687531727,0.0015660224747945678
105_1_1,0.03528031583755694,0.16491694790992206,0.2798805578145219,0.1982121385911202,0.1829583157300632,0.07440273327572043,0.04249618714625533,0.018334759073368404,0.0020410704120967602,0.0014769742093749046
106_10_1,0.018775415845333248,0.09067408857446767,0.11099378907486711,0.14587092969669493,0.23707302189240784,0.22670416708867408,0.1103989653372801,0.05054421672254143,0.0030457913506345058,0.005919614417099077
107_5_2,0.033314698050589606,0.1232977077014399,0.19095470428097383,0.18858539565370372,0.21590619583863777,0.14355994288027502,0.0754193527770698,0.024649032612239555,0.003981555210975994,0.0003314149940947218
107_7_1,0.06640672873976522,0.13083826461557246,0.1651281440502461,0.20702136403601398,0.17594718759887895,0.15467312877323267,0.06451650282444665,0.030531537218174597,0.0034037052381171405,0.0015334369055522259
107_8_2,0.019607654956320466,0.07029452272113842,0.1532484862148027,0.18448652113831412,0.23721743168646442,0.17351418776321992,0.11587463535526639,0.0364679017496093,0.008780375012349484,0.0005082834025147395
108_7_1,0.028519522728544928,0.0931814798096533,0.20718989526436704,0.22676052203585295,0.21857297034223844,0.13573409019420993,0.06253760581564534,0.024004649504978777,0.002150547147965377,0.0013487171565438204
108_10_2,0.015156232423875593,0.06156295743803872,0.13915346285833885,0.18802637006201134,0.23495629980664323,0.192036151273997,0.12328751366407291,0.03802749613836311,0.007252211926535829,0.0005413044081233837
109_8_1,0.05201023257038779,0.09840931399684892,0.1637646868758829,0.21250331272738524,0.2448294313725118,0.139215087960536,0.06441143691369712,0.021595094223732774,0.002980492306122588,0.00028091105289484655
110_1_1,0.03083552217735656,0.1244058284633196,0.23196415132975243,0.19064260298917618,0.23230774815006439,0.10739631934904567,0.05676055501159465,0.02117932375911243,0.0029619100579893376,0.0015460387125884806
110_5_2,0.00841539585583359,0.029926601901160532,0.07209343773397896,0.11292502262026886,0.22509116478838193,0.21195779245508325,0.17095525315767932,0.12958758791553093,0.03499709528073175,0.004050648291350953
110_8_1,0.02401081944518617,0.046929755093021996,0.10690930563182599,0.19720434227724426,0.2408580916389562,0.21361262741611176,0.10719875857954578,0.05299697511098677,0.007870731377188724,0.0024085934299323815
112_11_1,0.04363497535911931,0.1143222997445664,0.1952908733317864,0.23784864572640865,0.19978345152556856,0.12252986731187354,0.05819560159115855,0.02537524442231131,0.002480211425205791,0.0005388295620014841
112_12_1,0.019211070417903417,0.057041052700173234,0.11200931347742488,0.18944775533287045,0.25634212396178546,0.20403323259413972,0.10376221697342201,0.0470278780745994,0.005657461455800807,0.005467895011880577
113_5_1,0.024251082789154547,0.07052845530290461,0.13019732560397287,0.18183660721290063,0.2625633347084378,0.1823958672085295,0.10174210395244006,0.03865376481799079,0.006331679471224657,0.0014997789324444595
113_7_1,0.01199930892672532,0.027571616397715125,0.06360208348779647,0.11865686464889184,0.21115966004420553,0.2231040375989605,0.14489570338047564,0.15188321486502315,0.029649506469973004,0.017478004180233486
115_7_1,0.015974924989620647,0.03898429045046031,0.08107226912396735,0.1196098348960169,0.21378411086638685,0.20409029807225926,0.1387896777579425,0.1402140087752848,0.0310527334380682,0.016427851629993093
115_11_1,0.038549748439276076,0.11087753681197936,0.15207414929159113,0.18400555027947302,0.2158816494951644,0.16340086083615415,0.09564741904961489,0.032873384461082775,0.005275819336644704,0.0014138819990194965
115_12_1,0.02132491744972909,0.05415135126292426,0.12259917698586481,0.2054699350092637,0.22495755372135576,0.21058562965549416,0.10735218898913239,0.04579759753294312,0.005811704553936211,0.0019499448393565035
116_3_1,0.02671821110294902,0.08210183639748964,0.15547058358722238,0.19624979635365583,0.2154402680237771,0.18203006280242245,0.09697803344706518,0.038079380624817985,0.005090083833733638,0.0018417438268666737
116_8_1,0.010331055042934597,0.03187268928307874,0.060273437674855226,0.10839903811936703,0.21286748206543626,0.21858436652053873,0.16587851174479884,0.15098001097197603,0.03264745430369038,0.008165954273324333
117_1_1,0.02691819321409073,0.069775940885349,0.12867207802863942,0.18700609563270776,0.23487835905550122,0.19728964596949627,0.10033067325361586,0.0462433396635669,0.006228016516870594,0.002657657780162174
118_12_2,0.009547028808266219,0.018879727875305865,0.06377054174163109,0.10846241111953138,0.22727639997897578,0.23145531119906068,0.2272016839617143,0.09986557964901283,0.013059938958097922,0.0004813767084039194
119_3_2,0.0322029787121837,0.0982522515582238,0.1519783134736889,0.18454498931681926,0.24487860764665287,0.1676371205149779,0.08227632253016558,0.03261182717478847,0.005092798876704762,0.0005247901957947732
119_10_1,0.02009790897126032,0.04089679871718368,0.09653897943737236,0.17098935365252918,0.22420890242894442,0.21417209927304068,0.12613131865077568,0.08993933614866613,0.013589804666546811,0.003435498053680743
119_12_2,0.03368778682136965,0.11685331320421946,0.17922447826556093,0.1865082819671081,0.22530618506422864,0.14968847256786103,0.07710118742612376,0.02689116545758442,0.004352099902098572,0.0003870293238453166
120_2_1,0.0391586691625588,0.10330850548444044,0.17642333729234125,0.22120903582206622,0.19626479524724283,0.16395300135642887,0.06824164009649425,0.02784868915322396,0.0026622315245612266,0.0009300948606421924
120_3_1,0.04163391969286892,0.10204422216795266,0.16815626479417287,0.21530669048643483,0.20455766742681705,0.1660929502651894,0.06823381792435657,0.029912222870540878,0.002963911942600619,0.0010983324290661097
120_7_1,0.03883526437988633,0.13393793792657172,0.1933679241811764,0.2027610040120955,0.205889691463895,0.13750232813952146,0.06029742788395731,0.023206769169460045,0.0022532518014509798,0.0019484010419852232
120_10_1,0.028305672303462252,0.09974074767293785,0.1972251990825952,0.1930405504316225,0.2269964788409269,0.14500043304067967,0.07013473059466653,0.03317100008244336,0.0028967527442423004,0.003488435206423344
121_11_1,0.06551513979005673,0.11094229245081058,0.20486276648131857,0.2083735590024538,0.19017361976838706,0.1266293367488206,0.06415245024097671,0.024515080061100536,0.004480938210123718,0.0003548172459515016
122_5_2,0.008536313504426012,0.02409165782688571,0.04373632309304839,0.10116130489116128,0.2037094510889647,0.24244151868393218,0.17673059578554945,0.15916672112958605,0.03251793935454783,0.007908174641898401
122_15_1,0.019483471691174082,0.04017104273574358,0.14686932562104948,0.18477327393453935,0.24183855245740657,0.16085452588658047,0.11793583800845762,0.06889376559434579,0.016250723360327093,0.0029294807103760145
123_7_1,0.045116656851125855,0.12927721696108652,0.23997484348346343,0.21285313339254205,0.20635219381862427,0.08672339959023447,0.05861317502529688,0.01771506162851818,0.00329780066577832,7.65185833298904e-05
124_1_1,0.008765812203739043,0.016981140406755545,0.0537827116008342,0.13145664581903957,0.19930180789213445,0.23842800013029875,0.1544607615088563,0.15473878285422876,0.030201649081675906,0.011882688502437662
124_7_1,0.024311151246244014,0.12653285634258707,0.23875206799900464,0.195544611496875,0.2194198804743021,0.11264378505660363,0.05864408024983097,0.020158271160022372,0.0023364326331598326,0.001656863341370172
124_10_1,0.01734480928630208,0.034320805100757315,0.06410102028716909,0.12331516468802997,0.18253930934803828,0.22318658513799092,0.1466773784794236,0.155550846486039,0.03124886401016948,0.021715217176080076
125_1_1,0.044461211910573666,0.10159853829703092,0.186930647265379,0.24447638785401735,0.20570148795964308,0.12628017295801264,0.05994344820846358,0.027189827033733547,0.002892303198749226,0.000525975314396825
125_4_1,0.038903513637576895,0.11349194929829184,0.19477965526504265,0.2313608013884127,0.22453511380321733,0.11348134307518229,0.059283246534290915,0.021330497315956994,0.002526985083086955,0.000306894598941414
127_7_2,0.03207965164503841,0.1371607318349624,0.20634921174089965,0.18438382785271218,0.2169306700961806,0.12994552367623974,0.06797722931175014,0.022090935630450056,0.002783137004392338,0.00029908120737433475
127_12_1,0.05493193638378971,0.13127900391428704,0.20502549859779504,0.20544651039871448,0.18673113667697086,0.13068352878304038,0.05831340412131795,0.02371057313770214,0.003092284857158687,0.0007861231292238945
128_1_1,0.0458861674299876,0.08961534612601746,0.16039799020735765,0.1755805904239582,0.16427118062805796,0.191874085317831,0.12795633687165062,0.041348927242953075,0.002415632450627715,0.0006537433015587285
128_7_1,0.05438335881641099,0.14452107026958724,0.19140275407585142,0.1888565472116337,0.19629683450192217,0.13673200310246875,0.058090605084142384,0.02566156490727889,0.0028401867604275735,0.001215075270276841
