psu_hh_idcode,subjective_poverty_1,subjective_poverty_2,subjective_poverty_3,subjective_poverty_4,subjective_poverty_5,subjective_poverty_6,subjective_poverty_7,subjective_poverty_8,subjective_poverty_9,subjective_poverty_10
1_7_1,0.02312695489878772,0.08133789261376535,0.22812823867687052,0.3272069352965481,0.2182828236156539,0.08149643405660381,0.030261874021567527,0.008633015798076743,0.0010742077396279387,0.00045162328249874706
1_8_1,0.021998701821467577,0.06784604015617507,0.18280211085327233,0.3023688044762937,0.249856827749331,0.10934354622067512,0.04786162128516687,0.015483519616733443,0.002031875545454452,0.000406952275430126
1_10_1,0.01833810209892846,0.06318144581365549,0.18775689621471917,0.319998871196161,0.25343675943969574,0.10329821505058401,0.03940990728484147,0.012702316736760859,0.0015318268474516414,0.0003456593172024234
2_3_1,0.02261214700425658,0.08022236093163894,0.22774826788839472,0.3241537647821245,0.22230703831281212,0.08251902724501746,0.030193308169117635,0.008604401322221017,0.0011491583026625488,0.0004905260417543908
3_1_1,0.019110403033017236,0.06574029600053022,0.1842498261505884,0.31043267453095785,0.25274561942158585,0.10739214782918036,0.04400900840165546,0.014191942955441123,0.0017538127615676804,0.00037426891547583926
5_4_1,0.0029233610752652625,0.008982819405086887,0.02313067887381877,0.07557756727073714,0.18208678642261275,0.312796158530946,0.2438056774918184,0.1269299247263628,0.02100154060380469,0.0027654855995478565
7_8_2,0.015312091962952799,0.04583534527306138,0.12961596488086308,0.2513505579477418,0.2864830571149054,0.16763460091581234,0.07316926498602712,0.026073993629783652,0.003917946836025073,0.0006071764528271879
7_9_2,0.017626414059807395,0.06321354216035896,0.18744540294199624,0.3207906296072429,0.2560663979911633,0.10210298137367217,0.03874742039708795,0.012392673176893208,0.0012784588714640321,0.00033607942031400873
9_1_1,0.019545590354531843,0.06985422004279185,0.20329898691904477,0.32738787853050316,0.24152291958722147,0.09279756032803588,0.033743605959140686,0.010320959289614079,0.0011944391832308958,0.00033383980588591236
9_3_1,0.0720985751408628,0.20604052063947162,0.3635861728095314,0.21960398625889735,0.09814222966542141,0.025910556982359594,0.011774447067009034,0.0018068987614167924,0.00033887406430279786,0.0006977386107275232
10_6_2,0.016291066952511937,0.05470713063379958,0.16246388136290102,0.3016291536394429,0.2792071926682093,0.12022857187353715,0.04776429379276264,0.01573988841645821,0.0015590288410250181,0.0004097918193522317
12_7_1,0.03883101966251743,0.12849866258352233,0.3016645325867997,0.29614719699112124,0.15970456116232876,0.05126363912010945,0.01847580146367268,0.004036375288003838,0.0005499493079427811,0.0008282618339825057
13_3_2,0.010937388717549026,0.030392114138211697,0.09488822306400131,0.20347512427807227,0.31664888807797,0.2147664338335533,0.08949384932033033,0.03401961841286169,0.0046582676860787925,0.0007200924713718732
15_4_1,0.04675160730783617,0.1533773106373048,0.3203725326707431,0.2799418314463411,0.13740279061434033,0.0408044182155516,0.017358598353380803,0.002732595016504489,0.000392602356119782,0.0008657133818780504
15_8_1,0.03546046414850488,0.1205942414088384,0.2907377989426879,0.30135764879431015,0.17073069659515722,0.05352742086750683,0.02148147002240149,0.004424252435181903,0.0005927661475942769,0.0010932406378176597
15_9_2,0.03167529314607487,0.10972373462547244,0.2715902614388203,0.3146731080095469,0.18150773874679166,0.06218528134889345,0.02227891288285019,0.005165894691688097,0.0006418346084302456,0.0005579405014323026
15_11_2,0.07142451295095775,0.1812706999359331,0.33385668829314463,0.23826149504998445,0.11755253622188694,0.03704027068488323,0.0161977352443076,0.002997040413632812,0.0006542760227419088,0.0007447451825280376
16_7_1,0.02234655010549352,0.07650710758819981,0.2150983809680434,0.3111840094808097,0.22938252087055427,0.09467850453132726,0.037057594262897404,0.011288325663754973,0.0019195782216847584,0.0005374283072350879
16_8_1,0.032114134339998136,0.10101949201509,0.24590193423568332,0.29281681488283756,0.19235807592051915,0.08283126306852831,0.03636982193775524,0.012953318956621086,0.0028500600912195638,0.0007850845517484398
16_9_1,0.012137019037894787,0.03184455555969243,0.10130457931702758,0.2160356394359056,0.3173307371283993,0.2036193727603126,0.07946446164490092,0.03245824667159505,0.0050974500865511975,0.0007079383577207429
17_3_1,0.016348401641509157,0.05287680606883595,0.15594469592167476,0.29953885200691976,0.2821261393712559,0.12408669303086382,0.049994748195368366,0.016771068127975297,0.0018882176368628766,0.00042437799873353623
17_6_1,0.013470375048421811,0.036235871874973534,0.11114774822635833,0.23512159505318989,0.3161377379966531,0.1826056307098336,0.07319767724900476,0.027741846234418617,0.0033707034382404574,0.0009708141689057441
18_2_1,0.014780424612657559,0.039725434502034224,0.1206928362704455,0.24726422462968214,0.30829246485911804,0.16991577603523583,0.0682715137334435,0.026587566804592486,0.003633139609154989,0.000836618943635572
18_8_1,0.0055744774807196,0.01775885529911382,0.052424388229474136,0.1344622892720384,0.2892999867551691,0.2970092800034388,0.13604357023185693,0.05661063295053051,0.010315206286004148,0.0005013134916547867
19_3_1,0.055479530801290984,0.16558056729480056,0.31818662598138403,0.2649338809466966,0.13673901327392177,0.039170549722050266,0.01612457400140061,0.002843470170832116,0.00035894848861241967,0.0005828393190115046
20_3_1,0.039497134119025404,0.13256133303931295,0.3046180148522163,0.2934962773889849,0.15463344823701072,0.049812309430398924,0.019667065168921333,0.004041156619191441,0.0005832145849477078,0.0010900465599909652
21_1_2,0.07445814121279973,0.20638862398062274,0.36296633645904525,0.2197060673576326,0.0966248614462911,0.02486356062628763,0.012392415038116283,0.0017260986672530453,0.0003154514513019246,0.0005584437606502258
21_2_1,0.0964599944584502,0.24675569486121854,0.36826788925632487,0.18477322471480243,0.07448063909509271,0.017961386543204394,0.009353114863125034,0.0013898868580125478,0.0002441380793412937,0.0003140312704278581
21_5_1,0.12445567908307642,0.2962496693258837,0.35284257500398786,0.14832535988695045,0.05637568426745105,0.013358360606463624,0.0070511103825431935,0.0009858394590537896,0.0001826975419191861,0.00017302444267100952
24_6_1,0.018449933238642403,0.06798993740671491,0.19780424789792245,0.32554081754403635,0.24485490413044878,0.09652176924898266,0.035946012120812984,0.011308320793160378,0.0012463764164592078,0.0003376812028199092
24_7_1,0.027219420153559264,0.09212453612037531,0.2475185821445294,0.3264419790688756,0.20293032462212987,0.07024360056107849,0.0252978631052041,0.006757334411272721,0.000854223110141423,0.0006121367028338139
25_7_5,0.020602439508214887,0.0771775044577292,0.2151108730151431,0.32682145627302894,0.23129840453392667,0.08597907596593404,0.03246471487807107,0.009130886656400697,0.0009858589680474367,0.0004287857435045873
26_1_2,0.010815237807072687,0.030245474660965714,0.09625888581669188,0.20683441277746975,0.31574147293450333,0.21326853674695995,0.08746364655246466,0.03417016758605876,0.004379374319706943,0.0008227907981064606
26_2_1,0.007685423056592806,0.0211898108043988,0.0725222662062408,0.16277339786440487,0.31724305411898,0.26006755737415255,0.10645627407196824,0.04406818711033949,0.007415424481676408,0.0005786049112460488
26_3_2,0.0048113377173683155,0.01749100928667622,0.05099546762205191,0.13468431613662796,0.27867099683739394,0.2911582397813549,0.15075610314368376,0.06004689356332437,0.010787481125692996,0.0005981547858262368
26_7_1,0.006060181566029617,0.018348176966414647,0.057888846430212394,0.1417923739808402,0.30308391426233167,0.2876960181793972,0.1247861915069506,0.05084549038968446,0.009033782674747245,0.00046502404339230567
28_8_1,0.02402838617617183,0.08548698347485713,0.23796110701690165,0.32957364333252676,0.21073998375444633,0.07578678711631666,0.027419894312811076,0.007587902861337712,0.000930277345619559,0.00048503460901147663
29_1_1,0.11463910097639586,0.2792764771492268,0.35981402167056753,0.15629138058950087,0.06208123921342812,0.01608039589602375,0.009474909687021603,0.0016752093560461923,0.0003602255685579933,0.00030703989323165086
29_2_1,0.09126118965298793,0.23375705928307808,0.3692848034516077,0.19273703410434154,0.08021140354856666,0.020347028565330126,0.010364237646341272,0.0014336868108007167,0.00022400867921577503,0.00037954825773031735
30_1_1,0.014396165258260445,0.04532719975503799,0.1340702639494049,0.27484339988220724,0.29995772941204785,0.1475370264793863,0.059846802801058314,0.021105307409388763,0.0023160288640305922,0.0006000761891773312
30_4_1,0.013503705168043226,0.03763226900460604,0.1139281684589354,0.2410977647036024,0.31564241583189495,0.17713150765748661,0.07031985945171072,0.02646048762100132,0.0033151324586452877,0.0009686896440737544
31_2_1,0.020122051788998438,0.07009400488478393,0.19617373864588897,0.32372337846046995,0.24441271295233155,0.09475096496293164,0.03713185504604523,0.012019153952192817,0.0012217111697476254,0.00035042813661000457
31_3_1,0.01963273383311334,0.06866458817446688,0.19821625678156757,0.32387084780730935,0.24529051407736255,0.09596386503026728,0.03551264499242487,0.011257330104571642,0.0012550577459000396,0.0003361614530166451
32_3_1,0.013836499349711248,0.03887896548588883,0.11763379262680901,0.2479320205079725,0.3151320983547679,0.170185873666991,0.06717565470380107,0.025151451842032997,0.003091990979384107,0.0009816524826411798
32_7_1,0.015258556608597864,0.0498934429337718,0.14370277401236495,0.28640810093941355,0.2940584846278598,0.13481988690268729,0.05474410727156666,0.018592307148900932,0.002009466851238469,0.0005128727035985858
32_9_1,0.015267901073048951,0.050796114590157725,0.14768804279393025,0.2927030493644245,0.29041710039920454,0.13037640505648604,0.052727314779847524,0.01763606397833302,0.0019455205627124017,0.00044248740185469593
33_5_1,0.02360401559070202,0.08364791406075844,0.23452763079053895,0.32993372117356623,0.21360527646454797,0.07743532204278607,0.027978789501215517,0.007861885444725084,0.0009435735723271905,0.00046187135883255865
33_8_1,0.02747368373843454,0.09592381493936612,0.24734913367742692,0.3244953444661399,0.202078202221609,0.06834551346891288,0.026509469019052476,0.006595224612518699,0.0007160262335240776,0.0005135876230154501
36_1_1,0.018449933238642403,0.06798993740671491,0.19780424789792245,0.32554081754403635,0.24485490413044878,0.09652176924898266,0.035946012120812984,0.011308320793160378,0.0012463764164592078,0.0003376812028199092
36_6_1,0.021186680088040442,0.07835767595881997,0.22173108688769957,0.3280343943244813,0.2247533245853059,0.08482045996206523,0.030636093004678865,0.008981353753562791,0.0010678371996392694,0.0004310942357071044
38_7_1,0.11329474747983324,0.27864208947288893,0.36249184250750205,0.159732717792223,0.06177478238106128,0.014535024841312678,0.007984325882486983,0.0011387637658283808,0.00020366651978034875,0.00020203935708319328
38_8_1,0.11329474747983324,0.27864208947288893,0.36249184250750205,0.159732717792223,0.06177478238106128,0.014535024841312678,0.007984325882486983,0.0011387637658283808,0.00020366651978034875,0.00020203935708319328
41_2_1,0.05400827757902948,0.16453418625857005,0.3219026558169389,0.25837112174563137,0.13645162479598155,0.041561636025638726,0.017996977090054902,0.003515531915883176,0.0005287381960441474,0.0011292505762280688
41_9_1,0.01975926258753532,0.07223316832246313,0.208907403304741,0.3270734646569104,0.23652811801644644,0.09113874445555459,0.03272670243952775,0.010005175196369353,0.0012733454889036222,0.00035461553154890886
42_9_1,0.06358825149762813,0.18694842351141572,0.3499844429420542,0.2403156943931086,0.10981588910205538,0.03125897140104588,0.015004700062410897,0.0020384036059359527,0.00036006961229197035,0.0006851538720535767
43_2_1,0.013093468838550256,0.037487932401976634,0.11399827814202966,0.23966785959307546,0.31384238676552145,0.17931013199611665,0.07162125103381543,0.02695750639275846,0.003210719069048772,0.0008104657671070939
43_6_1,0.010518046407472626,0.02738159379369809,0.09119890467223718,0.1954727769758182,0.3170484852750972,0.2224017271292516,0.09373235955041237,0.036171679277829806,0.005304122579428538,0.0007703043387546263
44_3_1,0.06925686231998214,0.19687969431525673,0.3602471768667159,0.23100147903049448,0.09990354049110674,0.027253901432687445,0.012853968351291798,0.0017179209984028397,0.00029653468598744544,0.0005889215080749658
45_8_1,0.035742892711886375,0.12001746949801045,0.2868294726219611,0.3051662381608903,0.1708656914427694,0.053752848663407966,0.021773676254690497,0.0045123480396399235,0.0005528250898896143,0.0007865375168549944
46_3_1,0.16727988742243646,0.35494391440453554,0.30944436444872764,0.11363125234984763,0.04021443776560093,0.008838633506791127,0.004624652713422994,0.0007499072395328216,0.00015456880933334766,0.00011838133977136776
46_7_1,0.13398198645117043,0.31170266397452345,0.34786644690555063,0.13753757942877823,0.050511442302941315,0.011564007343118212,0.0058001578910978095,0.0007612948956846631,0.0001351650239467587,0.00013925578318906972
47_10_1,0.05070803029359026,0.1590683928197041,0.3244753114433314,0.2671848355974021,0.1373916556436556,0.04004348995517071,0.016803956277913822,0.0031332794661890874,0.0004978529188442675,0.0006931955841992961
48_4_1,0.030600094916833985,0.10793100295543581,0.2706017420488038,0.31604566540082674,0.18360739607527715,0.06020521073150022,0.024117504969405252,0.005455600313606758,0.0006884587621728485,0.000747323826137794
49_1_1,0.09609693374994778,0.24199255291471555,0.37183048397813767,0.1876008113628208,0.07335767803082092,0.018306041947527073,0.009125986524906763,0.0011834943414452898,0.00020433102658684254,0.0003016861230912467
49_2_1,0.022846543338675834,0.08141397811578228,0.2248391836821198,0.32829544176946396,0.21987943656336895,0.08131078523790543,0.030931189730052665,0.00904350288230247,0.0010094423385033433,0.0004304963418256678
49_5_1,0.031524768567251296,0.1103487264467234,0.27005390626625586,0.3152526106938807,0.18202144550322413,0.060391098652291295,0.02395787637756166,0.005133434336115042,0.0006420991498489118,0.0006740340068481983
49_10_1,0.03340505318170972,0.11493093856425894,0.28288876648406974,0.30684874490731856,0.17602861659822483,0.05670646931881792,0.022753916257832785,0.004962168181845862,0.0006235942445334888,0.0008517322613885595
50_5_1,0.016138599599400293,0.049528794716202695,0.14364932772145628,0.2805440158256874,0.29310919393989254,0.13896439400940405,0.05616683948373492,0.019048013229613206,0.0022621501454533036,0.0005886713291546907
51_5_1,0.00489653001924621,0.01663497137146264,0.04871562303657632,0.12708547551258406,0.28032469271368254,0.30640504449181244,0.14407175829204247,0.06091803433434385,0.010436368461919641,0.000511501766329935
52_5_1,0.004111821740771176,0.015313700596589049,0.04066763288123506,0.11145215216025958,0.25983567498131127,0.31988437765113925,0.16546939188034432,0.070549893024657,0.01203131523168665,0.0006840398520069404
53_2_1,0.005158495753164612,0.01710342878062241,0.04997165315299688,0.130116118032504,0.2851575932533659,0.3024390438308293,0.14047013187017976,0.05905252579994511,0.01002526050350237,0.0005057490228898375
53_4_1,0.005528146946567608,0.017978602266281157,0.05529693410827747,0.1367239158651479,0.29612858221234406,0.294745783028908,0.12939956176046857,0.054033326460638596,0.009698038435076885,0.00046710891628960706
57_9_1,0.0069167584838765945,0.020195243902701648,0.0646141312119042,0.1505980198230656,0.3072851775075095,0.2758126718321225,0.1179037356429355,0.0477722489672451,0.008377968007302738,0.0005240446213367175
59_3_1,0.008432932243559765,0.021201184877182862,0.07436893866221322,0.16436854347348043,0.31713469939824035,0.2562273851921904,0.10702529261509273,0.043492492861796316,0.007178522728996915,0.0005700079472470797
59_4_1,0.00862079332664574,0.022459070870691718,0.07667601844055001,0.16877112828544882,0.3169570098549583,0.25078712391507046,0.1058710248948431,0.04244105763751278,0.006783982297187753,0.0006327904770914454
59_7_1,0.006461277493506065,0.01815531993272832,0.06012721057958657,0.1445660891924559,0.30692412975305833,0.28467966838881176,0.12148529905310457,0.048736232788248963,0.008414232744265438,0.0004505400742345247
60_3_1,0.01493810514222785,0.04925821413523865,0.1432597509585986,0.2892316327053984,0.29402607518483287,0.1340595844042887,0.054399859404256505,0.018369958502741753,0.0019782116711608627,0.0004786078912554318
60_6_1,0.018814361693876156,0.06635572315134927,0.187329152090454,0.3199895438583132,0.2515227564238417,0.10183958754480785,0.03907749950694429,0.013109923273497815,0.0015736075110303997,0.00038784494588557753
62_1_1,0.014475722176835942,0.04858998841772274,0.13965086176359204,0.2841585790892835,0.29653163978147984,0.13839647239704378,0.05593008970165921,0.01964032965712416,0.0021276382432605756,0.0004986787719976725
62_5_2,0.010000896576776316,0.028521166919434616,0.0901677689216713,0.1978707697897543,0.3136058253665021,0.22472111975161868,0.09410039151476426,0.035764263232112056,0.004449026960135936,0.000798770967230147
63_4_2,0.002531622214886612,0.011404545679094826,0.0263654188278981,0.08471102841636273,0.21043332791522149,0.31545275065475886,0.22901070237975582,0.10074197338870872,0.0181792359847542,0.0011693945385591882
63_7_1,0.0022645693396128913,0.009710029496362795,0.022605560056005017,0.0725500108634433,0.17914258960256585,0.30913444229510884,0.2554887230100983,0.12375825559459941,0.023174560792161496,0.0021712589500429416
64_1_1,0.013292158258069163,0.03875054569123204,0.11637395463226559,0.24225365508859437,0.30923814027525737,0.17572279975554653,0.07298582114328232,0.02743552474603306,0.0032765106961118585,0.0006708897136077586
64_8_1,0.00853642317293217,0.021313270440807802,0.07292982863727224,0.1643553502260907,0.3180711870890304,0.2576547189223257,0.10607630294965695,0.043770828753111224,0.006693871255785108,0.000598218552988008
65_1_1,0.006166228162234397,0.009891879167681366,0.024838960336556866,0.07116296737805958,0.17177981186258498,0.3102243572495297,0.24660993369834258,0.13295140052234278,0.02294236322556072,0.0034320983971077314
65_2_5,0.02228992492330548,0.04393451943322025,0.0909263031050239,0.13643769194221914,0.18055652786860332,0.2204614864351361,0.21233072879052123,0.07521498827191338,0.01598577274399078,0.0018620564860670837
66_4_1,0.0025292809420067314,0.009370087943505374,0.02747027631704202,0.08224939049685585,0.20148780272942562,0.3227306858063394,0.22090494673487493,0.11307931799696966,0.017514251202160942,0.002663959830820323
66_6_1,0.00925668317518891,0.022994989088961797,0.07995301307992957,0.176200291531295,0.31966133561607785,0.24393397929652536,0.09978155648261414,0.041115277569848514,0.006487106416214028,0.0006157677433447714
66_7_1,0.005735695962114894,0.017971453530994188,0.05864380176551617,0.14145100501960847,0.3050843165430337,0.2869452198468335,0.12430023040877192,0.05056665199616626,0.008843422507090845,0.00045820241987027586
68_1_1,0.019728388146570856,0.06998052016189159,0.20356119095297684,0.3274024975057855,0.24122154145814567,0.09259053351920321,0.03361500552672488,0.010353879961972845,0.0012183607276980788,0.0003280820390309409
68_3_1,0.023581174079681008,0.08459415939300256,0.234362010021778,0.32998563241600387,0.21298457454408873,0.0767350228892624,0.028376954771126305,0.007968644676398053,0.000952248426781855,0.00045957878187732
68_5_1,0.01855012983067652,0.06564525027470561,0.1918961206949124,0.32468095391800444,0.2492243225149736,0.09920801196408714,0.03714181443907364,0.011944053334489401,0.0013695417541276004,0.0003398012749497024
70_8_1,0.021127849525257737,0.07595014956512053,0.21477126757087445,0.3283326533458561,0.2291610482830596,0.08653016529834935,0.03274867007369209,0.00986700811485243,0.001135594797808076,0.0003755934251298941
71_3_1,0.022865746989795252,0.08361665028350208,0.22851167933736777,0.32212189973763256,0.2177251950069633,0.08351820706710344,0.03053379241215954,0.009359781175512635,0.0013116477793251476,0.00043540021063841796
71_4_1,0.061828429162614405,0.18418845160890485,0.35147125688155545,0.245145414034237,0.10950785622632465,0.030915268519676166,0.014047831800594216,0.0018842127248567641,0.00029926239336219694,0.0007120166478744067
72_2_1,0.015194890382487246,0.04455727245052234,0.13317148323281716,0.2678075189392636,0.2995521258271724,0.15385394204973457,0.05971265794509619,0.022512269863309953,0.0030621542617890415,0.0005756850478072323
72_7_1,0.014244417689375698,0.0402465521381238,0.1182695984609267,0.2506107561007066,0.3129410888097116,0.1682617168000794,0.0669277094119223,0.02480955909333039,0.0028796312536546764,0.0008089702421684433
73_5_1,0.006714065177511091,0.01934203436401241,0.06227336635872268,0.14711127469679974,0.3065390620169319,0.2801428870588218,0.1201727047417806,0.048690261383188486,0.008520237903553298,0.0004941062986780858
75_4_1,0.13537723304312282,0.3078357549165551,0.34011237041100667,0.14139430046764093,0.053548637793817445,0.013068428302952056,0.007164306965558501,0.0011405507806946196,0.00020538635404678543,0.0001530309646052934
76_1_1,0.017643971373570953,0.06435461573659394,0.18577393532929484,0.3220297120498552,0.25335934112419467,0.10321779862064234,0.03944999035800407,0.012366755700458136,0.0014652491583928011,0.00033863054899337114
76_4_1,0.027981647268717217,0.09911949913449346,0.25930138331397157,0.3244228057004639,0.1933404211401624,0.06463723702013632,0.0238767104575513,0.0059925970537967575,0.0006941806042518261,0.0006335183064553779
76_7_1,0.04620217764401379,0.144638889659024,0.29192190341616847,0.285159179693259,0.1548208743353301,0.05068385812172653,0.02097583935334026,0.004454374263004387,0.0005793921053779775,0.0005635114087563744
77_1_1,0.050011874238906025,0.15821969111510334,0.3278166581313801,0.26681497284202904,0.13516510871927342,0.040257133794633596,0.017146876753066087,0.0031647351063525354,0.0005483761463066832,0.0008545731529492601
78_1_1,0.06963516860859142,0.19596822784033577,0.33692550004436833,0.2304755388194903,0.11413944010150699,0.032708770126636526,0.016045497086961024,0.0027803233736623657,0.0005066524688541689,0.0008148815295935428
78_8_1,0.019915676758806324,0.07218320725532362,0.20998977646413144,0.3278073444828213,0.23501155696835924,0.09062044921804127,0.033067605126870236,0.009896120896378254,0.0011518549131189944,0.0003564079161498048
80_4_1,0.11502785386919073,0.28363979443488246,0.3623012362545024,0.1555175560361949,0.0605861674212272,0.01376171879686178,0.00766364194098215,0.0011040405180095534,0.00020213788870781263,0.000195852839441166
80_7_1,0.06416464343733734,0.1852637758895213,0.35316865897782973,0.24113355394799668,0.10876396089867671,0.030338183420658252,0.014233863950138096,0.0019051012168007436,0.00030038468846656187,0.0007278735725748968
81_6_1,0.01596294159760902,0.054218158612103655,0.1578798571042976,0.30209337030442424,0.2795528966558677,0.12152751295412129,0.05004900769810141,0.01663512679610559,0.0016979142256615448,0.0003832140517080369
81_7_1,0.027817178542771034,0.09809675625257991,0.25578376447423357,0.32318044150387587,0.19504869713943368,0.06721673993299061,0.02504923192749882,0.006343617750531118,0.000789350260061063,0.0006742222160243681
83_4_1,0.013052687858136142,0.035914037177184874,0.10883369737681739,0.23295488214779228,0.3159383252128664,0.18579391612629595,0.07449727373510333,0.028608578541210922,0.003523262287619247,0.0008833395369730193
83_8_1,0.014536313356416615,0.04133385119003408,0.12396821440484533,0.2586200805447095,0.31088556740918366,0.1607087680350067,0.06378531081905751,0.022599310263347945,0.0026160112846996928,0.0009465726926988147
84_3_1,0.008433069696508004,0.022171177128147652,0.07456147544280901,0.16703303929816168,0.31757297440768617,0.2540886167671829,0.10530597598899698,0.04321558059059448,0.007037086638988262,0.0005810040409246404
84_4_1,0.01283558413111561,0.033081427783431094,0.10407636556537765,0.2212471130571234,0.32023054218859887,0.1952039215627504,0.07771250525618871,0.030576070006950447,0.004046849754296534,0.0009896206941674645
84_8_1,0.012020260265699703,0.032720474047384866,0.1029194711786308,0.21874028611625324,0.31619335974533014,0.19984351327285318,0.0818293584205861,0.030757273484935843,0.0041321727656705495,0.0008438307026556732
85_2_1,0.018897255722726956,0.07231463555380033,0.20405711755949307,0.32342306894525125,0.2387092115151976,0.09532544617200535,0.034753856980824324,0.010737292199415072,0.001395147402999122,0.00038696794828721004
85_4_1,0.01396751662081654,0.045616891557703945,0.13166354497245136,0.27154571046458376,0.29904225144972907,0.15080047014535924,0.062023935085805566,0.02221421494897598,0.0025526500538291964,0.0005728147007449984
87_1_1,0.019789735239836778,0.07081954175815326,0.20652257919433561,0.326624788415557,0.23872434763583686,0.09160664285489889,0.03396261586004542,0.010441180982150458,0.001160944000175137,0.0003476240590109546
88_3_1,0.02002348072072573,0.06853137599874702,0.19899881013762327,0.3210780927333418,0.24444168544737682,0.09715688960614893,0.036487942143229875,0.011613575406112417,0.0013072029141970524,0.00036094489249686984
88_4_1,0.014408371826243266,0.039014357188738504,0.11829865927421197,0.24738734682606855,0.31419665252024526,0.17021025037848692,0.06760943548085065,0.024941435571503433,0.0029609279661492187,0.0009725629675018689
89_6_1,0.017856569484907252,0.06487272320339003,0.19106893341862344,0.32520287899596434,0.25164645781438866,0.09900919891476823,0.036918347418502834,0.011768359210945227,0.0013361792310094649,0.0003203523075008304
90_2_1,0.012325502532796595,0.03632986665946982,0.11056692187586954,0.2199153284639923,0.3080742406921025,0.197810804913636,0.07810007865652834,0.031062475857519433,0.0052668047387755025,0.0005479756093108324
90_5_1,0.02226957936041257,0.08180350950253633,0.2163550813766041,0.3161763233429625,0.22602960777014763,0.09090232476505829,0.03420490900898971,0.010497559057960923,0.0013896931821125087,0.0003714126332149067
90_6_1,0.016528052860759857,0.047448186403568925,0.13820303500737605,0.27730883543286083,0.29687564161827656,0.14203993884877456,0.05816118991113253,0.020585674164613793,0.0022428743173769287,0.0006065714352597078
91_3_1,0.027645809808305444,0.09706447921093252,0.2588047746083909,0.32572629081268856,0.19379332186715914,0.065958003383873,0.0236204438772586,0.006044581610288497,0.0007216356331479844,0.0006206591879553604
91_4_1,0.019915676758806324,0.07218320725532362,0.20998977646413144,0.3278073444828213,0.23501155696835924,0.09062044921804127,0.033067605126870236,0.009896120896378254,0.0011518549131189944,0.0003564079161498048
92_1_1,0.014809519494145485,0.044833751067530805,0.13128078287014347,0.2723751962661242,0.304163553118982,0.14897539864578316,0.059643217798494755,0.020924363129306588,0.0023351923027325945,0.0006590253067563892
92_5_1,0.014365252408845966,0.03885695252991121,0.11639582858952005,0.24586842411884882,0.31647355766999513,0.17143993046367628,0.06720124335620384,0.02533068156521191,0.00305799969566766,0.001010129602119019
93_6_1,0.03302247575801963,0.09563742323502167,0.21486404203056467,0.25626873609908307,0.20890254629230023,0.11463521080073083,0.05119376356863328,0.019756580814091703,0.005025473991257604,0.0006937474102980339
95_2_1,0.016992655568859635,0.05607392270177635,0.16499263561035138,0.3048343588644651,0.2740757957751638,0.11954096259193366,0.04644790090026868,0.014895147274068798,0.0017610116392836423,0.000385609073828681
96_1_1,0.02032517885701049,0.07047478353452193,0.19006896194251252,0.30503842038084394,0.24527888529401337,0.10758750023851235,0.04567297453719581,0.013448944045997856,0.0016222998814130482,0.0004820512879791939
96_10_1,0.02092443233114672,0.07572435237775572,0.21833222918061831,0.32937722528701374,0.2273399585373335,0.08672704855546888,0.030841833576846944,0.009181013155358913,0.0011650846419055882,0.00038682235655173474
97_1_1,0.24936804775632815,0.38484541075329104,0.2343883695716475,0.08992060078531419,0.02983845350283055,0.006949007643513915,0.003649792343787707,0.0007542832992345464,0.00016755060107149597,0.00011848374298121142
97_2_1,0.23192044531997028,0.38400876560398783,0.24718085392030248,0.09392322536882942,0.031084796192387028,0.007038595707610827,0.0038236200214334134,0.0007157798312562318,0.00018151523709733071,0.00012240279712502587
97_3_1,0.3444418945888417,0.3502326524493195,0.17368262156935155,0.08267487607948514,0.029902966905372315,0.011461643728529923,0.005787612457917947,0.0014153274410449719,0.0003059664600433453,9.443832009398777e-05
97_7_1,0.28186399537687956,0.37833497629495816,0.21295231650260737,0.08596663220388079,0.029415237188608893,0.0068403436727574535,0.0036257985843636616,0.0007317613572142567,0.00019863574082569678,7.030307790416814e-05
97_8_1,0.2745919839548417,0.371458891115183,0.21081653588854837,0.09691641173014619,0.0319764545548333,0.008094861451273251,0.004270446647773993,0.001422039754150295,0.0003465923718412866,0.00010578253140883627
99_1_1,0.0042412073801713635,0.01636477258288099,0.04582808312517572,0.12247284897840165,0.2776070215584795,0.3103116363071972,0.14901875463595976,0.06246525642601042,0.011183591428312574,0.0005068275774109626
100_2_1,0.024594707955603094,0.08727369423088348,0.2202648536382224,0.312373596314879,0.2204280295339945,0.08800278048671142,0.03591865642946792,0.009603611329681681,0.0011695738132094585,0.0003704962673470867
100_7_1,0.014721989086963174,0.051629155978960874,0.1501243023493687,0.2968369925426099,0.28689920501712507,0.1288955664676705,0.051391812102512355,0.01722890876888004,0.0018439255485795413,0.00042814213733001775
101_5_1,0.008558369784035052,0.021868134862774682,0.07642223563679984,0.16833149778589976,0.3162509935866597,0.25296531458712984,0.10463159865199632,0.04296215702482618,0.007412060356839281,0.0005976377230390759
102_7_1,0.017336352226979292,0.06353048537218867,0.17975107639118987,0.3182676481094992,0.2595705174600766,0.10455731668403537,0.041689988582636915,0.013581953280645865,0.0013819327432043832,0.00033272914954435057
102_8_1,0.01878929323991167,0.06558149180405674,0.17786734498752776,0.3123988846394641,0.256999675402535,0.10879819645835194,0.04345488536969662,0.01422252141353954,0.001435064405100852,0.0004526422798160994
103_7_1,0.10924058822199557,0.25971569378099973,0.35357390418261553,0.176270611118757,0.07086641324034947,0.019798667145162242,0.008474577870721818,0.0014599905260883532,0.00027329877078443996,0.0003262551425262342
103_8_1,0.24634299778373583,0.37543850955239794,0.24179408416032194,0.09384366260193946,0.03055663591092937,0.007018234199007305,0.003904296906993776,0.0008093836494666645,0.00016553307320254823,0.00012666216200554644
104_2_1,0.0199946009196598,0.07085352788579143,0.2061688725423535,0.3287280890167145,0.2369784632092806,0.09121260609217578,0.034200288594695774,0.010322729521913645,0.0011874867496942149,0.0003533354677208
104_4_1,0.01962786404395791,0.07019622006453355,0.20644225456506052,0.3274644365335998,0.23808850932281594,0.09213267066673993,0.03421275097734401,0.010251920561663281,0.0012313207745485411,0.00035205248973676606
104_7_1,0.05346861596143206,0.16085579771316108,0.3172463978750329,0.2653541643445236,0.13670545053170122,0.04176222049241582,0.019782110857583364,0.003357140015045857,0.0005530379655661958,0.0009150642435376194
105_1_1,0.038932326432863304,0.1319470973980865,0.3041685387916102,0.29473952630480205,0.15529664867309523,0.049902947784583596,0.01948384745168262,0.003991258600765303,0.0005501290078371956,0.00098767955467468
106_10_1,0.03291681604919519,0.1085445281638156,0.27014556978222865,0.3011409941566607,0.18869609657756298,0.06478930727005876,0.026137198752689394,0.005975800998018942,0.0006568573618039508,0.000996830887966341
107_5_2,0.020730654976644298,0.0751422511077849,0.2166496336226933,0.32998322677324793,0.23052962499980073,0.08516825883399232,0.031200185646607353,0.009158408702350532,0.0010672334277349543,0.00037052190914381217
107_7_1,0.021085221979379357,0.0766098504326347,0.20892468525480604,0.3263024258023705,0.23347113622477794,0.08775821393029008,0.034275133625630776,0.010165884522074979,0.0010509998206896382,0.00035644840734655545
107_8_2,0.018996946366200456,0.07008043853825581,0.20458323468477246,0.3265989540384611,0.24098504446890595,0.0928820697502327,0.034018044787444635,0.010324950467677117,0.0011949890542339331,0.00033532784381628763
108_7_1,0.020051178107419784,0.06954795678842686,0.20218588982947697,0.3243558140820486,0.24240409143741393,0.09413965519283542,0.03487736786142095,0.010789237675798901,0.0012925629918321413,0.0003562460333263236
108_10_2,0.0122997365208468,0.038064421914410396,0.11351903705687892,0.2348831015802866,0.30803110052176846,0.1841135100116902,0.07698603895496514,0.027914089761636125,0.0034655917011183583,0.0007233719763988298
109_8_1,0.007736778537712527,0.021953731771626604,0.06943601678342681,0.16186479120773414,0.3096265742384043,0.26261928942704255,0.11365183954238257,0.04550904157059351,0.007084016609672355,0.0005179203114045558
110_1_1,0.015804350909443023,0.05378032998379518,0.15902106289117213,0.30015574994178057,0.2828326246793447,0.1227966591617561,0.04757336875313975,0.016016070464035106,0.0016176884113955898,0.0004020948041379785
110_5_2,0.005375712022787431,0.017797893634245672,0.05353314979868776,0.13744984192851445,0.29563332654608704,0.2949214072096936,0.1325359448672452,0.053267237753061795,0.008995869197186058,0.0004896170424912818
110_8_1,0.005944968210353116,0.01855320098986523,0.059597787698508306,0.14236856026839154,0.3017078099265517,0.28671047077623485,0.1245817947882523,0.05103763116028397,0.009028443269814132,0.00046933291174499085
112_11_1,0.0015739197327397276,0.002957771903299397,0.00503297356207373,0.01771871199353987,0.040962480127748085,0.17458702261989617,0.2865756331291183,0.3049821416180949,0.09840981445127668,0.06719953086221374
112_12_1,0.001932174328831933,0.003886464784812485,0.007084905870303217,0.02262491548237329,0.04750383600566615,0.17952069893589007,0.29266833830804756,0.2936354006362448,0.09310439132174406,0.05803887432608661
113_5_1,0.003103372011320853,0.014740661586616894,0.03517691795010695,0.10324499684034524,0.23970225586445076,0.31956398073294834,0.18802762452336602,0.08118418568359205,0.014363846437309261,0.0008921583699443445
113_7_1,0.0018410968458907242,0.007806097029623226,0.020837341208027584,0.07069530734713272,0.17822557175058723,0.3205431520509715,0.25093833219052186,0.12542113168972957,0.0210995717577853,0.0025923981297305736
115_7_1,0.0025727499811039377,0.011379223222248073,0.02947027477601754,0.09025574681006536,0.22195453632094958,0.33161151934447325,0.20326236804221642,0.09143195329228378,0.01687543754702964,0.0011861906636120717
115_11_1,0.009595916758733553,0.026115359859383215,0.08530308525235597,0.18538391257766562,0.31360784836063144,0.23471478540524587,0.10004445205564726,0.0389734790137204,0.005632063206859261,0.0006290975097578205
115_12_1,0.0028600912207239616,0.012156759923328354,0.03400672087133721,0.09837164379545676,0.2393324611673369,0.32778175135279186,0.18706667837281943,0.08335835101591912,0.01409217578578873,0.0009733664944981054
116_3_1,0.001884563516460253,0.008970072421882328,0.0236234447021406,0.07886131297013257,0.19208413868862828,0.32474004854761956,0.23679593190647158,0.11210349018782824,0.019078010907875156,0.0018589861509618552
116_8_1,0.00199178190857748,0.006765355341804814,0.012643558339718837,0.04453091153824448,0.10420226481833406,0.25466126228644165,0.3088383265379912,0.21087890249311883,0.047067195881042155,0.008420440854726279
117_1_1,0.007820027957738068,0.021236238560870188,0.07061634012607101,0.16135357728130081,0.3115360368041103,0.2626120366295258,0.11050529688674547,0.04630836574832194,0.0074220064067584595,0.0005900735985580461
118_12_2,0.0292895994068009,0.10098508853467765,0.26049827896314115,0.3191716476910881,0.19047698308205374,0.06688136529301748,0.02490237784578042,0.00623676947400733,0.0007881712223246346,0.0007697184871089007
119_3_2,0.013051176670353408,0.03971119295060582,0.11835511954788869,0.24326135232359394,0.3066977216900519,0.1757289314388375,0.07310183894934975,0.026147971572787275,0.003250798681587768,0.0006938961749437045
119_10_1,0.01511651488704361,0.04926415462562219,0.14343782588370396,0.2890231615518429,0.2929243849753256,0.1351401921621551,0.05434925592821246,0.018211540047747533,0.0020446154793744135,0.0004883544589717585
119_12_2,0.01190681428357445,0.03656404451388223,0.10934127688609062,0.2295378511830832,0.31300808669893343,0.1888307616769488,0.07805390905273449,0.028638679557282058,0.0033885384280080825,0.0007300377194625102
120_2_1,0.02969028004748299,0.10344993187444167,0.26270039837330605,0.3216441057484378,0.1887122522116946,0.06304732092701745,0.023968624199375448,0.005444091905816136,0.0006669414401772056,0.0006760532722508608
120_3_1,0.02969028004748299,0.10344993187444167,0.26270039837330605,0.3216441057484378,0.1887122522116946,0.06304732092701745,0.023968624199375448,0.005444091905816136,0.0006669414401772056,0.0006760532722508608
120_7_1,0.022140806688409276,0.07889916667747658,0.22450509806492056,0.3282781333120252,0.22285199895322605,0.08303724038049791,0.029903419941965107,0.008893166325430033,0.0010820969741766745,0.0004088726818728158
120_10_1,0.08302655701408362,0.22011495492469596,0.3714004242252832,0.2044524390455839,0.08615686350103971,0.02164505380393735,0.011055713259731736,0.001414113581610782,0.00025080618716262433,0.0004830744568707707
121_11_1,0.03823695049926008,0.12871247630469174,0.3029646681343139,0.2970219843986501,0.15966612228773236,0.04854918903188364,0.019471038102481898,0.0038794618749651514,0.0005569563674321616,0.0009411529985897065
122_5_2,0.02190398456981338,0.07253884275743988,0.2022976192616855,0.31693813777246094,0.2416468365179142,0.09548637414472827,0.03633862391869056,0.01127096990522534,0.0011313313845060695,0.0004472797675361237
122_15_1,0.08452231053966475,0.2266542157072644,0.37251572904737335,0.19891967824040518,0.08356188342631533,0.021702001830015926,0.009829314775051947,0.0015342719292102667,0.0002877608207991868,0.00047283368390034573
123_7_1,0.01803791903238855,0.0540681816236913,0.16452372357285014,0.2914040306984942,0.27192628628910204,0.129532831229955,0.04962823999232379,0.017962820845195116,0.0025019573356921186,0.0004140093803076476
124_1_1,0.0175328876559195,0.05600336773051561,0.16549359434809013,0.30262830539132957,0.2714973586760001,0.12040000864135544,0.04816916574468169,0.01563680210408841,0.0022439958755691002,0.00039451383245031466
124_7_1,0.014979885306779303,0.05151954376809986,0.15122447335192524,0.29041134165492993,0.28827453620751176,0.13173371122318103,0.05157175027310052,0.017939974039302222,0.001894827205833196,0.00044995696933690485
124_10_1,0.014586457941018127,0.03860162219005038,0.11833943568205557,0.24663077628798608,0.3117012971071409,0.1719699664202248,0.06888784092518115,0.025299884553519905,0.0031409463039751254,0.0008417725888475949
125_1_1,0.005423503902103235,0.01817486860315807,0.05521469465133423,0.1377269622646934,0.29646627461911235,0.293243148836406,0.13000852893772116,0.05367716222584417,0.009598801723184405,0.0004660542364428566
125_4_1,0.008310070031298146,0.022839557334327916,0.07350258348645118,0.16735898924721013,0.3127248045169263,0.256276691279415,0.10794870329381663,0.04353027658051257,0.0069765240505398176,0.0005318001795020365
127_7_2,0.01602014204487996,0.05312992333661824,0.15764244506553482,0.2947948488478453,0.2783393422692965,0.1292187506258406,0.051590895250144896,0.016953323078864373,0.0019122931367553892,0.0003980363442200511
127_12_1,0.028959403804581722,0.0904864544362147,0.20989214994074412,0.2931828690771979,0.22056542941835852,0.09761649222325716,0.042961987663495974,0.01381431242872196,0.0019877051176663144,0.0005331958897621644
